param_laptop016
1399.466666666666	0.000000	512.0
0.000000	1399.466666666666	384.0
0.000000	0.000000	1.000000
0.0
0.0
1.0 0.0 0.0 -8.631997
0.0 1.0 0.0 0.0
0.0 0.0 1.0 0.0

param_laptop015
1399.466666666666	0.000000	512.0
0.000000	1399.466666666666	384.0
0.000000	0.000000	1.000000
0.0
0.0
1.0 0.0 0.0 -8.075792
0.0 1.0 0.0 0.0
0.0 0.0 1.0 0.0

param_laptop014
1399.466666666666	0.000000	512.0
0.000000	1399.466666666666	384.0
0.000000	0.000000	1.000000
0.0
0.0
1.0 0.0 0.0 -7.506794
0.0 1.0 0.0 0.0
0.0 0.0 1.0 0.0

param_laptop013
1399.466666666666	0.000000	512.0
0.000000	1399.466666666666	384.0
0.000000	0.000000	1.000000
0.0
0.0
1.0 0.0 0.0 -6.922520
0.0 1.0 0.0 0.0
0.0 0.0 1.0 0.0

param_laptop012
1399.466666666666	0.000000	512.0
0.000000	1399.466666666666	384.0
0.000000	0.000000	1.000000
0.0
0.0
1.0 0.0 0.0 -6.351743
0.0 1.0 0.0 0.0
0.0 0.0 1.0 0.0

param_laptop011
1399.466666666666	0.000000	512.0
0.000000	1399.466666666666	384.0
0.000000	0.000000	1.000000
0.0
0.0
1.0 0.0 0.0 -5.770855
0.0 1.0 0.0 0.0
0.0 0.0 1.0 0.0

param_laptop010
1399.466666666666	0.000000	512.0
0.000000	1399.466666666666	384.0
0.000000	0.000000	1.000000
0.0
0.0
1.0 0.0 0.0 -5.205949
0.0 1.0 0.0 0.0
0.0 0.0 1.0 0.0

param_laptop009
1399.466666666666	0.000000	512.0
0.000000	1399.466666666666	384.0
0.000000	0.000000	1.000000
0.0
0.0
1.0 0.0 0.0 -4.622435
0.0 1.0 0.0 0.0
0.0 0.0 1.0 0.0

param_laptop008
1399.466666666666	0.000000	512.0
0.000000	1399.466666666666	384.0
0.000000	0.000000	1.000000
0.0
0.0
1.0 0.0 0.0 -4.046711
0.0 1.0 0.0 0.0
0.0 0.0 1.0 0.0

param_laptop007
1399.466666666666	0.000000	512.0
0.000000	1399.466666666666	384.0
0.000000	0.000000	1.000000
0.0
0.0
1.0 0.0 0.0 -3.477901
0.0 1.0 0.0 0.0
0.0 0.0 1.0 0.0

param_laptop006
1399.466666666666	0.000000	512.0
0.000000	1399.466666666666	384.0
0.000000	0.000000	1.000000
0.0
0.0
1.0 0.0 0.0 -2.892842
0.0 1.0 0.0 0.0
0.0 0.0 1.0 0.0

param_laptop005
1399.466666666666	0.000000	512.0
0.000000	1399.466666666666	384.0
0.000000	0.000000	1.000000
0.0
0.0
1.0 0.0 0.0 -2.310225
0.0 1.0 0.0 0.0
0.0 0.0 1.0 0.0

param_laptop004
1399.466666666666	0.000000	512.0
0.000000	1399.466666666666	384.0
0.000000	0.000000	1.000000
0.0
0.0
1.0 0.0 0.0 -1.720423
0.0 1.0 0.0 0.0
0.0 0.0 1.0 0.0

param_laptop003
1399.466666666666	0.000000	512.0
0.000000	1399.466666666666	384.0
0.000000	0.000000	1.000000
0.0
0.0
1.0 0.0 0.0 -1.139177
0.0 1.0 0.0 0.0
0.0 0.0 1.0 0.0

param_laptop002
1399.466666666666	0.000000	512.0
0.000000	1399.466666666666	384.0
0.000000	0.000000	1.000000
0.0
0.0
1.0 0.0 0.0 -0.577489
0.0 1.0 0.0 0.0
0.0 0.0 1.0 0.0

param_laptop001
1399.466666666666	0.000000	512.0
0.000000	1399.466666666666	384.0
0.000000	0.000000	1.000000
0.0
0.0
1.0 0.0 0.0 0.0
0.0 1.0 0.0 0.0
0.0 0.0 1.0 0.0
