param_champ00
2969.0 0.0 -832.101100
0.0 2969.0 457.7121 
0.0 0.0 1.0 
0.0 
0.0 
1.0 0.0 0.0 -1975.0
0.0 1.0 0.0 0.0 
0.0 0.0 1.0 0.0 

param_champ01
2969.0 0.0 -814.030200
0.0 2969.0 457.7121 
0.0 0.0 1.0 
0.0 
0.0 
1.0 0.0 0.0 -1925.0
0.0 1.0 0.0 0.0 
0.0 0.0 1.0 0.0 

param_champ02
2969.0 0.0 -795.959300
0.0 2969.0 457.7121 
0.0 0.0 1.0 
0.0 
0.0 
1.0 0.0 0.0 -1875.0
0.0 1.0 0.0 0.0 
0.0 0.0 1.0 0.0 

param_champ03
2969.0 0.0 -777.888400
0.0 2969.0 457.7121 
0.0 0.0 1.0 
0.0 
0.0 
1.0 0.0 0.0 -1825.0
0.0 1.0 0.0 0.0 
0.0 0.0 1.0 0.0 

param_champ04
2969.0 0.0 -759.817500
0.0 2969.0 457.7121 
0.0 0.0 1.0 
0.0 
0.0 
1.0 0.0 0.0 -1775.0
0.0 1.0 0.0 0.0 
0.0 0.0 1.0 0.0 

param_champ05
2969.0 0.0 -741.746600
0.0 2969.0 457.7121 
0.0 0.0 1.0 
0.0 
0.0 
1.0 0.0 0.0 -1725.0
0.0 1.0 0.0 0.0 
0.0 0.0 1.0 0.0 

param_champ06
2969.0 0.0 -723.675700
0.0 2969.0 457.7121 
0.0 0.0 1.0 
0.0 
0.0 
1.0 0.0 0.0 -1675.0
0.0 1.0 0.0 0.0 
0.0 0.0 1.0 0.0 

param_champ07
2969.0 0.0 -705.604800
0.0 2969.0 457.7121 
0.0 0.0 1.0 
0.0 
0.0 
1.0 0.0 0.0 -1625.0
0.0 1.0 0.0 0.0 
0.0 0.0 1.0 0.0 

param_champ08
2969.0 0.0 -687.533900
0.0 2969.0 457.7121 
0.0 0.0 1.0 
0.0 
0.0 
1.0 0.0 0.0 -1575.0
0.0 1.0 0.0 0.0 
0.0 0.0 1.0 0.0 

param_champ09
2969.0 0.0 -669.463000
0.0 2969.0 457.7121 
0.0 0.0 1.0 
0.0 
0.0 
1.0 0.0 0.0 -1525.0
0.0 1.0 0.0 0.0 
0.0 0.0 1.0 0.0 

param_champ10
2969.0 0.0 -651.392100
0.0 2969.0 457.7121 
0.0 0.0 1.0 
0.0 
0.0 
1.0 0.0 0.0 -1475.0
0.0 1.0 0.0 0.0 
0.0 0.0 1.0 0.0 

param_champ11
2969.0 0.0 -633.321200
0.0 2969.0 457.7121 
0.0 0.0 1.0 
0.0 
0.0 
1.0 0.0 0.0 -1425.0
0.0 1.0 0.0 0.0 
0.0 0.0 1.0 0.0 

param_champ12
2969.0 0.0 -615.250300
0.0 2969.0 457.7121 
0.0 0.0 1.0 
0.0 
0.0 
1.0 0.0 0.0 -1375.0
0.0 1.0 0.0 0.0 
0.0 0.0 1.0 0.0 

param_champ13
2969.0 0.0 -597.179400
0.0 2969.0 457.7121 
0.0 0.0 1.0 
0.0 
0.0 
1.0 0.0 0.0 -1325.0
0.0 1.0 0.0 0.0 
0.0 0.0 1.0 0.0 

param_champ14
2969.0 0.0 -579.108500
0.0 2969.0 457.7121 
0.0 0.0 1.0 
0.0 
0.0 
1.0 0.0 0.0 -1275.0
0.0 1.0 0.0 0.0 
0.0 0.0 1.0 0.0 

param_champ15
2969.0 0.0 -561.037600
0.0 2969.0 457.7121 
0.0 0.0 1.0 
0.0 
0.0 
1.0 0.0 0.0 -1225.0
0.0 1.0 0.0 0.0 
0.0 0.0 1.0 0.0 

param_champ16
2969.0 0.0 -542.966700
0.0 2969.0 457.7121 
0.0 0.0 1.0 
0.0 
0.0 
1.0 0.0 0.0 -1175.0
0.0 1.0 0.0 0.0 
0.0 0.0 1.0 0.0 

param_champ17
2969.0 0.0 -524.895800
0.0 2969.0 457.7121 
0.0 0.0 1.0 
0.0 
0.0 
1.0 0.0 0.0 -1125.0
0.0 1.0 0.0 0.0 
0.0 0.0 1.0 0.0 

param_champ18
2969.0 0.0 -506.824900
0.0 2969.0 457.7121 
0.0 0.0 1.0 
0.0 
0.0 
1.0 0.0 0.0 -1075.0
0.0 1.0 0.0 0.0 
0.0 0.0 1.0 0.0 

param_champ19
2969.0 0.0 -488.754000
0.0 2969.0 457.7121 
0.0 0.0 1.0 
0.0 
0.0 
1.0 0.0 0.0 -1025.0
0.0 1.0 0.0 0.0 
0.0 0.0 1.0 0.0 

param_champ20
2969.0 0.0 -470.683100
0.0 2969.0 457.7121 
0.0 0.0 1.0 
0.0 
0.0 
1.0 0.0 0.0 -975.0
0.0 1.0 0.0 0.0 
0.0 0.0 1.0 0.0 

param_champ21
2969.0 0.0 -452.612200
0.0 2969.0 457.7121 
0.0 0.0 1.0 
0.0 
0.0 
1.0 0.0 0.0 -925.0
0.0 1.0 0.0 0.0 
0.0 0.0 1.0 0.0 

param_champ22
2969.0 0.0 -434.541300
0.0 2969.0 457.7121 
0.0 0.0 1.0 
0.0 
0.0 
1.0 0.0 0.0 -875.0
0.0 1.0 0.0 0.0 
0.0 0.0 1.0 0.0 

param_champ23
2969.0 0.0 -416.470400
0.0 2969.0 457.7121 
0.0 0.0 1.0 
0.0 
0.0 
1.0 0.0 0.0 -825.0
0.0 1.0 0.0 0.0 
0.0 0.0 1.0 0.0 

param_champ24
2969.0 0.0 -398.399500
0.0 2969.0 457.7121 
0.0 0.0 1.0 
0.0 
0.0 
1.0 0.0 0.0 -775.0
0.0 1.0 0.0 0.0 
0.0 0.0 1.0 0.0 

param_champ25
2969.0 0.0 -380.328600
0.0 2969.0 457.7121 
0.0 0.0 1.0 
0.0 
0.0 
1.0 0.0 0.0 -725.0
0.0 1.0 0.0 0.0 
0.0 0.0 1.0 0.0 

param_champ26
2969.0 0.0 -362.257700
0.0 2969.0 457.7121 
0.0 0.0 1.0 
0.0 
0.0 
1.0 0.0 0.0 -675.0
0.0 1.0 0.0 0.0 
0.0 0.0 1.0 0.0 

param_champ27
2969.0 0.0 -344.186800
0.0 2969.0 457.7121 
0.0 0.0 1.0 
0.0 
0.0 
1.0 0.0 0.0 -625.0
0.0 1.0 0.0 0.0 
0.0 0.0 1.0 0.0 

param_champ28
2969.0 0.0 -326.115900
0.0 2969.0 457.7121 
0.0 0.0 1.0 
0.0 
0.0 
1.0 0.0 0.0 -575.0
0.0 1.0 0.0 0.0 
0.0 0.0 1.0 0.0 

param_champ29
2969.0 0.0 -308.045000
0.0 2969.0 457.7121 
0.0 0.0 1.0 
0.0 
0.0 
1.0 0.0 0.0 -525.0
0.0 1.0 0.0 0.0 
0.0 0.0 1.0 0.0 

param_champ30
2969.0 0.0 -289.974100
0.0 2969.0 457.7121 
0.0 0.0 1.0 
0.0 
0.0 
1.0 0.0 0.0 -475.0
0.0 1.0 0.0 0.0 
0.0 0.0 1.0 0.0 

param_champ31
2969.0 0.0 -271.903200
0.0 2969.0 457.7121 
0.0 0.0 1.0 
0.0 
0.0 
1.0 0.0 0.0 -425.0
0.0 1.0 0.0 0.0 
0.0 0.0 1.0 0.0 

param_champ32
2969.0 0.0 -253.832300
0.0 2969.0 457.7121 
0.0 0.0 1.0 
0.0 
0.0 
1.0 0.0 0.0 -375.0
0.0 1.0 0.0 0.0 
0.0 0.0 1.0 0.0 

param_champ33
2969.0 0.0 -235.761400
0.0 2969.0 457.7121 
0.0 0.0 1.0 
0.0 
0.0 
1.0 0.0 0.0 -325.0
0.0 1.0 0.0 0.0 
0.0 0.0 1.0 0.0 

param_champ34
2969.0 0.0 -217.690500
0.0 2969.0 457.7121 
0.0 0.0 1.0 
0.0 
0.0 
1.0 0.0 0.0 -275.0
0.0 1.0 0.0 0.0 
0.0 0.0 1.0 0.0 

param_champ35
2969.0 0.0 -199.619600
0.0 2969.0 457.7121 
0.0 0.0 1.0 
0.0 
0.0 
1.0 0.0 0.0 -225.0
0.0 1.0 0.0 0.0 
0.0 0.0 1.0 0.0 

param_champ36
2969.0 0.0 -181.548700
0.0 2969.0 457.7121 
0.0 0.0 1.0 
0.0 
0.0 
1.0 0.0 0.0 -175.0
0.0 1.0 0.0 0.0 
0.0 0.0 1.0 0.0 

param_champ37
2969.0 0.0 -163.477800
0.0 2969.0 457.7121 
0.0 0.0 1.0 
0.0 
0.0 
1.0 0.0 0.0 -125.0
0.0 1.0 0.0 0.0 
0.0 0.0 1.0 0.0 

param_champ38
2969.0 0.0 -145.406900
0.0 2969.0 457.7121 
0.0 0.0 1.0 
0.0 
0.0 
1.0 0.0 0.0 -75.0
0.0 1.0 0.0 0.0 
0.0 0.0 1.0 0.0 

param_champ39
2969.0 0.0 -127.336000
0.0 2969.0 457.7121 
0.0 0.0 1.0 
0.0 
0.0 
1.0 0.0 0.0 -25.0
0.0 1.0 0.0 0.0 
0.0 0.0 1.0 0.0 

param_champ40
2969.0 0.0 -109.265100
0.0 2969.0 457.7121 
0.0 0.0 1.0 
0.0 
0.0 
1.0 0.0 0.0 25.0
0.0 1.0 0.0 0.0 
0.0 0.0 1.0 0.0 

param_champ41
2969.0 0.0 -91.194200
0.0 2969.0 457.7121 
0.0 0.0 1.0 
0.0 
0.0 
1.0 0.0 0.0 75.0
0.0 1.0 0.0 0.0 
0.0 0.0 1.0 0.0 

param_champ42
2969.0 0.0 -73.123300
0.0 2969.0 457.7121 
0.0 0.0 1.0 
0.0 
0.0 
1.0 0.0 0.0 125.0
0.0 1.0 0.0 0.0 
0.0 0.0 1.0 0.0 

param_champ43
2969.0 0.0 -55.052400
0.0 2969.0 457.7121 
0.0 0.0 1.0 
0.0 
0.0 
1.0 0.0 0.0 175.0
0.0 1.0 0.0 0.0 
0.0 0.0 1.0 0.0 

param_champ44
2969.0 0.0 -36.981500
0.0 2969.0 457.7121 
0.0 0.0 1.0 
0.0 
0.0 
1.0 0.0 0.0 225.0
0.0 1.0 0.0 0.0 
0.0 0.0 1.0 0.0 

param_champ45
2969.0 0.0 -18.910600
0.0 2969.0 457.7121 
0.0 0.0 1.0 
0.0 
0.0 
1.0 0.0 0.0 275.0
0.0 1.0 0.0 0.0 
0.0 0.0 1.0 0.0 

param_champ46
2969.0 0.0 -0.839700
0.0 2969.0 457.7121 
0.0 0.0 1.0 
0.0 
0.0 
1.0 0.0 0.0 325.0
0.0 1.0 0.0 0.0 
0.0 0.0 1.0 0.0 

param_champ47
2969.0 0.0 17.231200
0.0 2969.0 457.7121 
0.0 0.0 1.0 
0.0 
0.0 
1.0 0.0 0.0 375.0
0.0 1.0 0.0 0.0 
0.0 0.0 1.0 0.0 

param_champ48
2969.0 0.0 35.302100
0.0 2969.0 457.7121 
0.0 0.0 1.0 
0.0 
0.0 
1.0 0.0 0.0 425.0
0.0 1.0 0.0 0.0 
0.0 0.0 1.0 0.0 

param_champ49
2969.0 0.0 53.373000
0.0 2969.0 457.7121 
0.0 0.0 1.0 
0.0 
0.0 
1.0 0.0 0.0 475.0
0.0 1.0 0.0 0.0 
0.0 0.0 1.0 0.0 

param_champ50
2969.0 0.0 71.443900
0.0 2969.0 457.7121 
0.0 0.0 1.0 
0.0 
0.0 
1.0 0.0 0.0 525.0
0.0 1.0 0.0 0.0 
0.0 0.0 1.0 0.0 

param_champ51
2969.0 0.0 89.514800
0.0 2969.0 457.7121 
0.0 0.0 1.0 
0.0 
0.0 
1.0 0.0 0.0 575.0
0.0 1.0 0.0 0.0 
0.0 0.0 1.0 0.0 

param_champ52
2969.0 0.0 107.585700
0.0 2969.0 457.7121 
0.0 0.0 1.0 
0.0 
0.0 
1.0 0.0 0.0 625.0
0.0 1.0 0.0 0.0 
0.0 0.0 1.0 0.0 

param_champ53
2969.0 0.0 125.656600
0.0 2969.0 457.7121 
0.0 0.0 1.0 
0.0 
0.0 
1.0 0.0 0.0 675.0
0.0 1.0 0.0 0.0 
0.0 0.0 1.0 0.0 

param_champ54
2969.0 0.0 143.727500
0.0 2969.0 457.7121 
0.0 0.0 1.0 
0.0 
0.0 
1.0 0.0 0.0 725.0
0.0 1.0 0.0 0.0 
0.0 0.0 1.0 0.0 

param_champ55
2969.0 0.0 161.798400
0.0 2969.0 457.7121 
0.0 0.0 1.0 
0.0 
0.0 
1.0 0.0 0.0 775.0
0.0 1.0 0.0 0.0 
0.0 0.0 1.0 0.0 

param_champ56
2969.0 0.0 179.869300
0.0 2969.0 457.7121 
0.0 0.0 1.0 
0.0 
0.0 
1.0 0.0 0.0 825.0
0.0 1.0 0.0 0.0 
0.0 0.0 1.0 0.0 

param_champ57
2969.0 0.0 197.940200
0.0 2969.0 457.7121 
0.0 0.0 1.0 
0.0 
0.0 
1.0 0.0 0.0 875.0
0.0 1.0 0.0 0.0 
0.0 0.0 1.0 0.0 

param_champ58
2969.0 0.0 216.011100
0.0 2969.0 457.7121 
0.0 0.0 1.0 
0.0 
0.0 
1.0 0.0 0.0 925.0
0.0 1.0 0.0 0.0 
0.0 0.0 1.0 0.0 

param_champ59
2969.0 0.0 234.082000
0.0 2969.0 457.7121 
0.0 0.0 1.0 
0.0 
0.0 
1.0 0.0 0.0 975.0
0.0 1.0 0.0 0.0 
0.0 0.0 1.0 0.0 

param_champ60
2969.0 0.0 252.152900
0.0 2969.0 457.7121 
0.0 0.0 1.0 
0.0 
0.0 
1.0 0.0 0.0 1025.0
0.0 1.0 0.0 0.0 
0.0 0.0 1.0 0.0 

param_champ61
2969.0 0.0 270.223800
0.0 2969.0 457.7121 
0.0 0.0 1.0 
0.0 
0.0 
1.0 0.0 0.0 1075.0
0.0 1.0 0.0 0.0 
0.0 0.0 1.0 0.0 

param_champ62
2969.0 0.0 288.294700
0.0 2969.0 457.7121 
0.0 0.0 1.0 
0.0 
0.0 
1.0 0.0 0.0 1125.0
0.0 1.0 0.0 0.0 
0.0 0.0 1.0 0.0 

param_champ63
2969.0 0.0 306.365600
0.0 2969.0 457.7121 
0.0 0.0 1.0 
0.0 
0.0 
1.0 0.0 0.0 1175.0
0.0 1.0 0.0 0.0 
0.0 0.0 1.0 0.0 

param_champ64
2969.0 0.0 324.436500
0.0 2969.0 457.7121 
0.0 0.0 1.0 
0.0 
0.0 
1.0 0.0 0.0 1225.0
0.0 1.0 0.0 0.0 
0.0 0.0 1.0 0.0 

param_champ65
2969.0 0.0 342.507400
0.0 2969.0 457.7121 
0.0 0.0 1.0 
0.0 
0.0 
1.0 0.0 0.0 1275.0
0.0 1.0 0.0 0.0 
0.0 0.0 1.0 0.0 

param_champ66
2969.0 0.0 360.578300
0.0 2969.0 457.7121 
0.0 0.0 1.0 
0.0 
0.0 
1.0 0.0 0.0 1325.0
0.0 1.0 0.0 0.0 
0.0 0.0 1.0 0.0 

param_champ67
2969.0 0.0 378.649200
0.0 2969.0 457.7121 
0.0 0.0 1.0 
0.0 
0.0 
1.0 0.0 0.0 1375.0
0.0 1.0 0.0 0.0 
0.0 0.0 1.0 0.0 

param_champ68
2969.0 0.0 396.720100
0.0 2969.0 457.7121 
0.0 0.0 1.0 
0.0 
0.0 
1.0 0.0 0.0 1425.0
0.0 1.0 0.0 0.0 
0.0 0.0 1.0 0.0 

param_champ69
2969.0 0.0 414.791000
0.0 2969.0 457.7121 
0.0 0.0 1.0 
0.0 
0.0 
1.0 0.0 0.0 1475.0
0.0 1.0 0.0 0.0 
0.0 0.0 1.0 0.0 

param_champ70
2969.0 0.0 432.861900
0.0 2969.0 457.7121 
0.0 0.0 1.0 
0.0 
0.0 
1.0 0.0 0.0 1525.0
0.0 1.0 0.0 0.0 
0.0 0.0 1.0 0.0 

param_champ71
2969.0 0.0 450.932800
0.0 2969.0 457.7121 
0.0 0.0 1.0 
0.0 
0.0 
1.0 0.0 0.0 1575.0
0.0 1.0 0.0 0.0 
0.0 0.0 1.0 0.0 

param_champ72
2969.0 0.0 469.003700
0.0 2969.0 457.7121 
0.0 0.0 1.0 
0.0 
0.0 
1.0 0.0 0.0 1625.0
0.0 1.0 0.0 0.0 
0.0 0.0 1.0 0.0 

param_champ73
2969.0 0.0 487.074600
0.0 2969.0 457.7121 
0.0 0.0 1.0 
0.0 
0.0 
1.0 0.0 0.0 1675.0
0.0 1.0 0.0 0.0 
0.0 0.0 1.0 0.0 

param_champ74
2969.0 0.0 505.145500
0.0 2969.0 457.7121 
0.0 0.0 1.0 
0.0 
0.0 
1.0 0.0 0.0 1725.0
0.0 1.0 0.0 0.0 
0.0 0.0 1.0 0.0 

param_champ75
2969.0 0.0 523.216400
0.0 2969.0 457.7121 
0.0 0.0 1.0 
0.0 
0.0 
1.0 0.0 0.0 1775.0
0.0 1.0 0.0 0.0 
0.0 0.0 1.0 0.0 

param_champ76
2969.0 0.0 541.287300
0.0 2969.0 457.7121 
0.0 0.0 1.0 
0.0 
0.0 
1.0 0.0 0.0 1825.0
0.0 1.0 0.0 0.0 
0.0 0.0 1.0 0.0 

param_champ77
2969.0 0.0 559.358200
0.0 2969.0 457.7121 
0.0 0.0 1.0 
0.0 
0.0 
1.0 0.0 0.0 1875.0
0.0 1.0 0.0 0.0 
0.0 0.0 1.0 0.0 

param_champ78
2969.0 0.0 577.429100
0.0 2969.0 457.7121 
0.0 0.0 1.0 
0.0 
0.0 
1.0 0.0 0.0 1925.0
0.0 1.0 0.0 0.0 
0.0 0.0 1.0 0.0 

param_champ79
2969.0 0.0 595.500000
0.0 2969.0 457.7121 
0.0 0.0 1.0 
0.0 
0.0 
1.0 0.0 0.0 1975.0
0.0 1.0 0.0 0.0 
0.0 0.0 1.0 0.0 

