param_news00
2929.4940521927465      0.0   307.63334410569644
0.0      2922.7064498725026   555.0109690422262
0.0      0.0  1.0
0.0
0.0
1.0 0.0 0.0   201.61718686381664
0.0 -1.0 0.0  0.0
0.0 0.0 -1.0  0.0

param_news01
2929.4940521927465      0.0   307.63334410569644
0.0      2922.7064498725026   555.0109690422262
0.0      0.0  1.0
0.0
0.0
1.0 0.0 0.0    155.2750267587332
0.0 -1.0 0.0   0.0
0.0 0.0 -1.0   0.0

param_news02
2929.4940521927465      0.0   307.63334410569644
0.0      2922.7064498725026   555.0109690422262
0.0      0.0  1.0
0.0
0.0
1.0 0.0 0.0    108.93286665364974
0.0 -1.0 0.0   0.0
0.0 0.0 -1.0   0.0

param_news03
2929.4940521927465      0.0   307.63334410569644
0.0      2922.7064498725026   555.0109690422262
0.0      0.0  1.0
0.0
0.0
1.0 0.0 0.0    62.590706548566295
0.0 -1.0 0.0   0.0
0.0 0.0 -1.0   0.0

param_news04
2929.4940521927465      0.0   307.63334410569644
0.0      2922.7064498725026   555.0109690422262
0.0      0.0  1.0
0.0
0.0
1.0 0.0 0.0    16.24854644348285
0.0 -1.0 0.0   0.0
0.0 0.0 -1.0   0.0

param_news05
2929.4940521927465      0.0   307.63334410569644
0.0      2922.7064498725026   555.0109690422262
0.0      0.0  1.0
0.0
0.0
1.0 0.0 0.0    -30.093613661600592
0.0 -1.0 0.0   0.0
0.0 0.0 -1.0   0.0

param_news06
2929.4940521927465      0.0   307.63334410569644
0.0      2922.7064498725026   555.0109690422262
0.0      0.0  1.0
0.0
0.0
1.0 0.0 0.0    -76.43577376668404
0.0 -1.0 0.0   0.0
0.0 0.0 -1.0   0.0

param_news07
2929.4940521927465      0.0   307.63334410569644
0.0      2922.7064498725026   555.0109690422262
0.0      0.0  1.0
0.0
0.0
1.0 0.0 0.0   -122.77793387176749
0.0 -1.0 0.0  0.0
0.0 0.0 -1.0  0.0

param_news08
2929.4940521927465      0.0   307.63334410569644
0.0      2922.7064498725026   555.0109690422262
0.0      0.0  1.0
0.0
0.0
1.0  0.0  0.0  -169.12009397685094
0.0 -1.0  0.0  0.0
0.0  0.0 -1.0  0.0

