param_kendo00
2241.25607 0.0 701.5
0.0 2241.25607 514.5
0.0 0.0 1.0 
0.0 
0.0 
1.0 0.0 0.0 0.0
0.0 1.0 0.0 0.0 
0.0 0.0 1.0 0.0 

param_kendo01
2241.25607 0.0 701.5
0.0 2241.25607 514.5
0.0 0.0 1.0 
0.0 
0.0 
1.0 0.0 0.0 5.0
0.0 1.0 0.0 0.0 
0.0 0.0 1.0 0.0

param_kendo02
2241.25607 0.0 701.5
0.0 2241.25607 514.5
0.0 0.0 1.0 
0.0 
0.0 
1.0 0.0 0.0 10.0
0.0 1.0 0.0 0.0 
0.0 0.0 1.0 0.0 

param_kendo03
2241.25607 0.0 701.5
0.0 2241.25607 514.5
0.0 0.0 1.0 
0.0 
0.0 
1.0 0.0 0.0 15.0
0.0 1.0 0.0 0.0 
0.0 0.0 1.0 0.0

param_kendo04
2241.25607 0.0 701.5
0.0 2241.25607 514.5
0.0 0.0 1.0 
0.0 
0.0 
1.0 0.0 0.0 20.0
0.0 1.0 0.0 0.0 
0.0 0.0 1.0 0.0 

param_kendo05
2241.25607 0.0 701.5
0.0 2241.25607 514.5
0.0 0.0 1.0 
0.0 
0.0 
1.0 0.0 0.0 25.0
0.0 1.0 0.0 0.0 
0.0 0.0 1.0 0.0

param_kendo06
2241.25607 0.0 701.5
0.0 2241.25607 514.5
0.0 0.0 1.0 
0.0 
0.0 
1.0 0.0 0.0 30.0
0.0 1.0 0.0 0.0 
0.0 0.0 1.0 0.0 
