param_cam0
1732.875727	0.000000	943.231169	
0.000000	1729.908923	548.845040	
0.000000	0.000000	1.000000	
0.000000
0.000000
1.000000	-0.000000	-0.000000	0.000000	
-0.000000	1.000000	-0.000000	-0.000000	
-0.000000	-0.000000	1.000000	-0.000000	

param_cam1
1732.875727	0.000000	943.231169	
0.000000	1729.908923	548.845040	
0.000000	0.000000	1.000000	
0.000000
0.000000
1.000000	-0.000000	-0.000000	1.593023	
-0.000000	1.000000	-0.000000	-0.000000	
-0.000000	-0.000000	1.000000	-0.000000	

param_cam2
1732.875727	0.000000	943.231169	
0.000000	1729.908923	548.845040	
0.000000	0.000000	1.000000	
0.000000
0.000000
1.000000	-0.000000	-0.000000	3.186047	
-0.000000	1.000000	-0.000000	-0.000000	
-0.000000	-0.000000	1.000000	-0.000000	

param_cam3
1732.875727	0.000000	943.231169	
0.000000	1729.908923	548.845040	
0.000000	0.000000	1.000000	
0.000000
0.000000
1.000000	-0.000000	-0.000000	4.779070	
-0.000000	1.000000	-0.000000	-0.000000	
-0.000000	-0.000000	1.000000	-0.000000	

param_cam4
1732.875727	0.000000	943.231169	
0.000000	1729.908923	548.845040	
0.000000	0.000000	1.000000	
0.000000
0.000000
1.000000	-0.000000	-0.000000	6.372093	
-0.000000	1.000000	-0.000000	-0.000000	
-0.000000	-0.000000	1.000000	-0.000000	

param_cam5
1732.875727	0.000000	943.231169	
0.000000	1729.908923	548.845040	
0.000000	0.000000	1.000000	
0.000000
0.000000
1.000000	-0.000000	-0.000000	7.965116	
-0.000000	1.000000	-0.000000	-0.000000	
-0.000000	-0.000000	1.000000	-0.000000	

param_cam6
1732.875727	0.000000	943.231169	
0.000000	1729.908923	548.845040	
0.000000	0.000000	1.000000	
0.000000
0.000000
1.000000	-0.000000	-0.000000	9.558140	
-0.000000	1.000000	-0.000000	-0.000000	
-0.000000	-0.000000	1.000000	-0.000000	

param_cam7
1732.875727	0.000000	943.231169	
0.000000	1729.908923	548.845040	
0.000000	0.000000	1.000000	
0.000000
0.000000
1.000000	-0.000000	-0.000000	11.151163	
-0.000000	1.000000	-0.000000	-0.000000	
-0.000000	-0.000000	1.000000	-0.000000	

param_cam8
1732.875727	0.000000	943.231169	
0.000000	1729.908923	548.845040	
0.000000	0.000000	1.000000	
0.000000
0.000000
1.000000	-0.000000	-0.000000	12.744186	
-0.000000	1.000000	-0.000000	-0.000000	
-0.000000	-0.000000	1.000000	-0.000000	


param_cam6.5
1732.875727	0.000000	943.231169	
0.000000	1729.908923	548.845040	
0.000000	0.000000	1.000000	
0.000000
0.000000
1.000000	-0.000000	-0.000000	10.3546515	
-0.000000	1.000000	-0.000000	-0.000000	
-0.000000	-0.000000	1.000000	-0.000000



