param_loveb1_001
2017.8074684219137  0.0                555.4121600029979
0.0                 2009.3330626387904 385.28498930066263
0.0                 0.0                1.0
0.0
0.0
1.0 0.0 0.0  193.2942182
0.0 -1.0 0.0  0.0
0.0 0.0 -1.0  0.0

param_loveb1_002
2017.8074684219137  0.0                555.4121600029979
0.0                 2009.3330626387904 385.28498930066263
0.0                 0.0                1.0
0.0
0.0
1.0 0.0 0.0  154.6353745
0.0 -1.0 0.0  0.0
0.0 0.0 -1.0  0.0

param_loveb1_003
2017.8074684219137  0.0                555.4121600029979
0.0                 2009.3330626387904 385.28498930066263
0.0                 0.0                1.0
0.0
0.0
1.0 0.0 0.0  115.9765309
0.0 -1.0 0.0  0.0
0.0 0.0 -1.0  0.0

param_loveb1_004
2017.8074684219137  0.0                555.4121600029979
0.0                 2009.3330626387904 385.28498930066263
0.0                 0.0                1.0
0.0
0.0
1.0 0.0 0.0  77.31768727
0.0 -1.0 0.0  0.0
0.0 0.0 -1.0  0.0

param_loveb1_005
2017.8074684219137  0.0                555.4121600029979
0.0                 2009.3330626387904 385.28498930066263
0.0                 0.0                1.0
0.0
0.0
1.0 0.0 0.0  38.65884364
0.0 -1.0 0.0  0.0
0.0 0.0 -1.0  0.0

param_loveb1_006
2017.8074684219137  0.0                555.4121600029979
0.0                 2009.3330626387904 385.28498930066263
0.0                 0.0                1.0
0.0
0.0
1.0 0.0 0.0  0.0
0.0 -1.0 0.0  0.0
0.0 0.0 -1.0  0.0

param_loveb1_007
2017.8074684219137  0.0                555.4121600029979
0.0                 2009.3330626387904 385.28498930066263
0.0                 0.0                1.0
0.0
0.0
1.0 0.0 0.0  -32.1455056
0.0 -1.0 0.0  0.437650541
0.0 0.0 -1.0  0.000100426

param_loveb1_008
2017.8074684219137  0.0                555.4121600029979
0.0                 2009.3330626387904 385.28498930066263
0.0                 0.0                1.0
0.0
0.0
1.0 0.0 0.0  -70.80434924
0.0 -1.0 0.0  0.437650541
0.0 0.0 -1.0  0.000100426

param_loveb1_009
2017.8074684219137  0.0                555.4121600029979
0.0                 2009.3330626387904 385.28498930066263
0.0                 0.0                1.0
0.0
0.0
1.0 0.0 0.0  -109.4631929
0.0 -1.0 0.0  0.437650541
0.0 0.0 -1.0  0.000100426

param_loveb1_010
2017.8074684219137  0.0                555.4121600029979
0.0                 2009.3330626387904 385.28498930066263
0.0                 0.0                1.0
0.0
0.0
1.0 0.0 0.0  -148.1220365
0.0 -1.0 0.0  0.437650541
0.0 0.0 -1.0  0.000100426

param_loveb1_011
2017.8074684219137  0.0                555.4121600029979
0.0                 2009.3330626387904 385.28498930066263
0.0                 0.0                1.0
0.0
0.0
1.0 0.0 0.0  -186.7808801
0.0 -1.0 0.0  0.437650541
0.0 0.0 -1.0  0.000100426

param_loveb1_012
2017.8074684219137  0.0                555.4121600029979
0.0                 2009.3330626387904 385.28498930066263
0.0                 0.0                1.0
0.0
0.0
1.0 0.0 0.0  -225.4397238
0.0 -1.0 0.0  0.437650541
0.0 0.0 -1.0  0.000100426

