param_loveb2_001
1717.6768904685766  0.0                 22.70212075222832
0.0                 1713.1231734442565  295.05419834224637
0.0                 0.0                 1.0
0.0
0.0
1.0   0.0   0.0 895.7055047279634
0.0   -1.0   0.0 0.0
0.0   0.0   -1.0 0.0

param_loveb2_002
1717.6768904685766  0.0                 22.70212075222832
0.0                 1713.1231734442565  295.05419834224637
0.0                 0.0                 1.0
0.0
0.0
1.0   0.0  0.0 863.0997526780484
0.0   -1.0  0.0 0.0
0.0   0.0  -1.0 0.0

param_loveb2_003
1717.6768904685766  0.0                 22.70212075222832
0.0                 1713.1231734442565  295.05419834224637
0.0                 0.0                 1.0
0.0
0.0
1.0   0.0   0.0  830.4940006281332
0.0   -1.0   0.0  0.0
0.0   0.0   -1.0  0.0

param_loveb2_004
1717.6768904685766  0.0                 22.70212075222832
0.0                 1713.1231734442565  295.05419834224637
0.0                 0.0                 1.0
0.0
0.0
1.0  0.0  0.0  797.888248578218
0.0  -1.0  0.0  0.0
0.0  0.0  -1.0  0.0

param_loveb2_005
1717.6768904685766  0.0                 22.70212075222832
0.0                 1713.1231734442565  295.05419834224637
0.0                 0.0                 1.0
0.0
0.0
1.0   0.0   0.0  765.2824965283029
0.0   -1.0   0.0  0.0
0.0   0.0   -1.0  0.0

param_loveb2_006
1717.6768904685766  0.0                 22.70212075222832
0.0                 1713.1231734442565  295.05419834224637
0.0                 0.0                 1.0
0.0
0.0
1.0   0.0  0.0  732.6767444783877
0.0   -1.0  0.0  0.0
0.0   0.0  -1.0  0.0

param_loveb2_007
1717.6768904685766  0.0                 22.70212075222832
0.0                 1713.1231734442565  295.05419834224637
0.0                 0.0                 1.0
0.0
0.0
1.0   0.0   0.0  700.0709924284728
0.0   -1.0   0.0  0.0
0.0   0.0   -1.0  0.0

param_loveb2_008
1717.6768904685766  0.0                 22.70212075222832
0.0                 1713.1231734442565  295.05419834224637
0.0                 0.0                 1.0
0.0
0.0
1.0  0.0   0.0  667.4652403785575
0.0  -1.0   0.0  0.0
0.0  0.0   -1.0  0.0

param_loveb2_009
1717.6768904685766  0.0                 22.70212075222832
0.0                 1713.1231734442565  295.05419834224637
0.0                 0.0                 1.0
0.0
0.0
1.0   0.0   0.0  634.8594883286423
0.0   -1.0   0.0  0.0
0.0   0.0   -1.0  0.0

param_loveb2_010
1717.6768904685766  0.0                 22.70212075222832
0.0                 1713.1231734442565  295.05419834224637
0.0                 0.0                 1.0
0.0
0.0
1.0   0.0   0.0  602.2537362787273
0.0   -1.0   0.0  0.0
0.0   0.0   -1.0  0.0

param_loveb2_011
1717.6768904685766  0.0                 22.70212075222832
0.0                 1713.1231734442565  295.05419834224637
0.0                 0.0                 1.0
0.0
0.0
1.0   0.0  0.0  569.6479842288121
0.0   -1.0  0.0  0.0
0.0   0.0  -1.0  0.0

param_loveb2_012
1717.6768904685766  0.0                 22.70212075222832
0.0                 1713.1231734442565  295.05419834224637
0.0                 0.0                 1.0
0.0
0.0
1.0   0.0   0.0  537.0422321788969
0.0   -1.0   0.0  0.0
0.0   0.0   -1.0  0.0

