param_outdoor016
1382.4 0.0     512.0
0.0    1382.4  384.0
0.0    0.0 1.0
0.0
0.0
1.0 0.0 0.0 -1.022300
0.0 1.0 0.0 0.0
0.0 0.0 1.0 0.0

param_outdoor015
1382.4 0.0     512.0
0.0    1382.4  384.0
0.0    0.0 1.0
0.0
0.0
1.0 0.0 0.0 -0.957125
0.0 1.0 0.0 0.0
0.0 0.0 1.0 0.0

param_outdoor014
1382.4 0.0     512.0
0.0    1382.4  384.0
0.0    0.0 1.0
0.0
0.0
1.0 0.0 0.0 -0.887026
0.0 1.0 0.0 0.0
0.0 0.0 1.0 0.0

param_outdoor013
1382.4 0.0     512.0
0.0    1382.4  384.0
0.0    0.0 1.0
0.0
0.0
1.0 0.0 0.0 -0.818352
0.0 1.0 0.0 0.0
0.0 0.0 1.0 0.0

param_outdoor012
1382.4 0.0     512.0
0.0    1382.4  384.0
0.0    0.0 1.0
0.0
0.0
1.0 0.0 0.0 -0.751446
0.0 1.0 0.0 0.0
0.0 0.0 1.0 0.0

param_outdoor011
1382.4 0.0     512.0
0.0    1382.4  384.0
0.0    0.0 1.0
0.0
0.0
1.0 0.0 0.0 -0.681393
0.0 1.0 0.0 0.0
0.0 0.0 1.0 0.0

param_outdoor010
1382.4 0.0     512.0
0.0    1382.4  384.0
0.0    0.0 1.0
0.0
0.0
1.0 0.0 0.0 -0.614240
0.0 1.0 0.0 0.0
0.0 0.0 1.0 0.0

param_outdoor009
1382.4 0.0     512.0
0.0    1382.4  384.0
0.0    0.0 1.0
0.0
0.0
1.0 0.0 0.0 -0.544477
0.0 1.0 0.0 0.0
0.0 0.0 1.0 0.0

param_outdoor008
1382.4 0.0     512.0
0.0    1382.4  384.0
0.0    0.0 1.0
0.0
0.0
1.0 0.0 0.0 -0.477229
0.0 1.0 0.0 0.0
0.0 0.0 1.0 0.0

param_outdoor007
1382.4 0.0     512.0
0.0    1382.4  384.0
0.0    0.0 1.0
0.0
0.0
1.0 0.0 0.0 -0.412131
0.0 1.0 0.0 0.0
0.0 0.0 1.0 0.0

param_outdoor006
1382.4 0.0     512.0
0.0    1382.4  384.0
0.0    0.0 1.0
0.0
0.0
1.0 0.0 0.0 -0.340473
0.0 1.0 0.0 0.0
0.0 0.0 1.0 0.0

param_outdoor005
1382.4 0.0     512.0
0.0    1382.4  384.0
0.0    0.0 1.0
0.0
0.0
1.0 0.0 0.0 -0.273908
0.0 1.0 0.0 0.0
0.0 0.0 1.0 0.0

param_outdoor004
1382.4 0.0     512.0
0.0    1382.4  384.0
0.0    0.0 1.0
0.0
0.0
1.0 0.0 0.0 -0.203941
0.0 1.0 0.0 0.0
0.0 0.0 1.0 0.0

param_outdoor003
1382.4 0.0     512.0
0.0    1382.4  384.0
0.0    0.0 1.0
0.0
0.0
1.0 0.0 0.0 -0.132035
0.0 1.0 0.0 0.0
0.0 0.0 1.0 0.0

param_outdoor002
1382.4 0.0     512.0
0.0    1382.4  384.0
0.0    0.0 1.0
0.0
0.0
1.0 0.0 0.0 -0.069069
0.0 1.0 0.0 0.0
0.0 0.0 1.0 0.0

param_outdoor001
1382.4 0.0     512.0
0.0    1382.4  384.0
0.0    0.0 1.0
0.0
0.0
1.0 0.0 0.0 0.0
0.0 1.0 0.0 0.0
0.0 0.0 1.0 0.0

