param_rena38

1883.154401 0.000000 7.589717 
0.000000 1877.240768 260.485193 
0.000000 0.000000 1.000000 
0.0 
0.0 
0.999542 0.000000 -0.030270 170.213287 
0.000000 -1.000000 0.000000 -768.026967 
-0.030270 0.000000 -0.999542 7477.195607

inter_rena3839

1883.154401 0.000000 14.8925145 
0.000000 1877.240768 260.485193 
0.000000 0.000000 1.000000 
0.0 
0.0 
0.999542 0.000000 -0.030270 195.201831 
0.000000 -1.000000 0.000000 -768.026967 
-0.030270 0.000000 -0.999542 7476.438861

param_rena39

1883.154401 0.000000 22.195312 
0.000000 1877.240768 260.485193 
0.000000 0.000000 1.000000 
0.0 
0.0 
0.999542 0.000000 -0.030270 220.190375 
0.000000 -1.000000 0.000000 -768.026967 
-0.030270 0.000000 -0.999542 7475.682115


inter_rena3940

1883.154401 0.000000 29.4981095 
0.000000 1877.240768 260.485193 
0.000000 0.000000 1.000000 
0.0 
0.0 
0.999542 0.000000 -0.030270 245.178919 
0.000000 -1.000000 0.000000 -768.026967 
-0.030270 0.000000 -0.999542 7474.925369

param_rena40

1883.154401 0.000000 36.800907 
0.000000 1877.240768 260.485193 
0.000000 0.000000 1.000000 
0.0 
0.0 
0.999542 0.000000 -0.030270 270.167463 
0.000000 -1.000000 0.000000 -768.026967 
-0.030270 0.000000 -0.999542 7474.168623 


inter_rena4041

1883.154401 0.000000 44.1037045 
0.000000 1877.240768 260.485193 
0.000000 0.000000 1.000000 
0.0 
0.0 
0.999542 0.000000 -0.030270 295.1560075 
0.000000 -1.000000 0.000000 -768.026967 
-0.030270 0.000000 -0.999542 7473.4118765 


param_rena41

1883.154401 0.000000 51.406502 
0.000000 1877.240768 260.485193 
0.000000 0.000000 1.000000 
0.0 
0.0 
0.999542 0.000000 -0.030270 320.144552 
0.000000 -1.000000 0.000000 -768.026967 
-0.030270 0.000000 -0.999542 7472.655130 


inter_rena4142

1883.154401 0.000000 58.7092995 
0.000000 1877.240768 260.485193 
0.000000 0.000000 1.000000 
0.0 
0.0 
0.999542 0.000000 -0.030270 345.133096 
0.000000 -1.000000 0.000000 -768.026967 
-0.030270 0.000000 -0.999542 7471.898384 


param_rena42

1883.154401 0.000000 66.012097 
0.000000 1877.240768 260.485193 
0.000000 0.000000 1.000000 
0.0 
0.0 
0.999542 0.000000 -0.030270 370.121640 
0.000000 -1.000000 0.000000 -768.026967 
-0.030270 0.000000 -0.999542 7471.141638 


inter_rena4243

1883.154401 0.000000 73.3148945 
0.000000 1877.240768 260.485193 
0.000000 0.000000 1.000000 
0.0 
0.0 
0.999542 0.000000 -0.030270 395.110184 
0.000000 -1.000000 0.000000 -768.026967 
-0.030270 0.000000 -0.999542 7470.384892 


param_rena43

1883.154401 0.000000 80.617692 
0.000000 1877.240768 260.485193 
0.000000 0.000000 1.000000 
0.0 
0.0 
0.999542 0.000000 -0.030270 420.098728 
0.000000 -1.000000 0.000000 -768.026967 
-0.030270 0.000000 -0.999542 7469.628146


inter_rena4344

1883.154401 0.000000 87.9204895 
0.000000 1877.240768 260.485193 
0.000000 0.000000 1.000000 
0.0 
0.0 
0.999542 0.000000 -0.030270 445.087272 
0.000000 -1.000000 0.000000 -768.026967 
-0.030270 0.000000 -0.999542 7468.8714


param_rena44

1883.154401 0.000000 95.223287 
0.000000 1877.240768 260.485193 
0.000000 0.000000 1.000000 
0.0 
0.0 
0.999542 0.000000 -0.030270 470.075816 
0.000000 -1.000000 0.000000 -768.026967 
-0.030270 0.000000 -0.999542 7468.114654


inter_rena4445

1883.154401 0.000000 102.5260845 
0.000000 1877.240768 260.485193 
0.000000 0.000000 1.000000 
0.0 
0.0 
0.999542 0.000000 -0.030270 495.06436 
0.000000 -1.000000 0.000000 -768.026967 
-0.030270 0.000000 -0.999542 7467.357908


param_rena45

1883.154401 0.000000 109.828882 
0.000000 1877.240768 260.485193 
0.000000 0.000000 1.000000 
0.0 
0.0 
0.999542 0.000000 -0.030270 520.052904 
0.000000 -1.000000 0.000000 -768.026967 
-0.030270 0.000000 -0.999542 7466.601162


inter_rena4546

1883.154401 0.000000 117.1316795 
0.000000 1877.240768 260.485193 
0.000000 0.000000 1.000000 
0.0 
0.0 
0.999542 0.000000 -0.030270 545.041448 
0.000000 -1.000000 0.000000 -768.026967 
-0.030270 0.000000 -0.999542 7465.844416


param_rena46

1883.154401 0.000000 124.434477 
0.000000 1877.240768 260.485193 
0.000000 0.000000 1.000000 
0.0 
0.0 
0.999542 0.000000 -0.030270 570.029992 
0.000000 -1.000000 0.000000 -768.026967 
-0.030270 0.000000 -0.999542 7465.087670


inter_rena4647

1883.154401 0.000000 131.7372745 
0.000000 1877.240768 260.485193 
0.000000 0.000000 1.000000 
0.0 
0.0 
0.999542 0.000000 -0.030270 595.0185365 
0.000000 -1.000000 0.000000 -768.026967 
-0.030270 0.000000 -0.999542 7464.3309235


param_rena47

1883.154401 0.000000 139.040072 
0.000000 1877.240768 260.485193 
0.000000 0.000000 1.000000 
0.0 
0.0 
0.999542 0.000000 -0.030270 620.007081 
0.000000 -1.000000 0.000000 -768.026967 
-0.030270 0.000000 -0.999542 7463.574177


inter_rena4748

1883.154401 0.000000 146.3428695 
0.000000 1877.240768 260.485193 
0.000000 0.000000 1.000000 
0.0 
0.0 
0.999542 0.000000 -0.030270 644.995625 
0.000000 -1.000000 0.000000 -768.026967 
-0.030270 0.000000 -0.999542 7462.817431


param_rena48

1883.154401 0.000000 153.645667 
0.000000 1877.240768 260.485193 
0.000000 0.000000 1.000000 
0.0 
0.0 
0.999542 0.000000 -0.030270 669.984169 
0.000000 -1.000000 0.000000 -768.026967 
-0.030270 0.000000 -0.999542 7462.060685


inter_rena4849

1883.154401 0.000000 160.9484645 
0.000000 1877.240768 260.485193 
0.000000 0.000000 1.000000 
0.0 
0.0 
0.999542 0.000000 -0.030270 694.972713 
0.000000 -1.000000 0.000000 -768.026967 
-0.030270 0.000000 -0.999542 7461.303939


param_rena49

1883.154401 0.000000 168.251262 
0.000000 1877.240768 260.485193 
0.000000 0.000000 1.000000 
0.0 
0.0 
0.999542 0.000000 -0.030270 719.961257 
0.000000 -1.000000 0.000000 -768.026967 
-0.030270 0.000000 -0.999542 7460.547193 


inter_rena4950

1883.154401 0.000000 175.5540595 
0.000000 1877.240768 260.485193 
0.000000 0.000000 1.000000 
0.0 
0.0 
0.999542 0.000000 -0.030270 744.949801 
0.000000 -1.000000 0.000000 -768.026967 
-0.030270 0.000000 -0.999542 7459.790447 


param_rena50

1883.154401 0.000000 182.856857 
0.000000 1877.240768 260.485193 
0.000000 0.000000 1.000000 
0.0 
0.0 
0.999542 0.000000 -0.030270 769.938345 
0.000000 -1.000000 0.000000 -768.026967 
-0.030270 0.000000 -0.999542 7459.033701 


inter_rena5051

1883.154401 0.000000 190.1596545 
0.000000 1877.240768 260.485193 
0.000000 0.000000 1.000000 
0.0 
0.0 
0.999542 0.000000 -0.030270 794.926889 
0.000000 -1.000000 0.000000 -768.026967 
-0.030270 0.000000 -0.999542 7458.276955 


param_rena51

1883.154401 0.000000 197.462452 
0.000000 1877.240768 260.485193 
0.000000 0.000000 1.000000 
0.0 
0.0 
0.999542 0.000000 -0.030270 819.915433 
0.000000 -1.000000 0.000000 -768.026967 
-0.030270 0.000000 -0.999542 7457.520209 


inter_rena5152

1883.154401 0.000000 204.7652495 
0.000000 1877.240768 260.485193 
0.000000 0.000000 1.000000 
0.0 
0.0 
0.999542 0.000000 -0.030270 844.903977 
0.000000 -1.000000 0.000000 -768.026967 
-0.030270 0.000000 -0.999542 7456.763463 


param_rena52

1883.154401 0.000000 212.068047 
0.000000 1877.240768 260.485193 
0.000000 0.000000 1.000000 
0.0 
0.0 
0.999542 0.000000 -0.030270 869.892521 
0.000000 -1.000000 0.000000 -768.026967 
-0.030270 0.000000 -0.999542 7456.006717


inter_rena5253

1883.154401 0.000000 219.3708445 
0.000000 1877.240768 260.485193 
0.000000 0.000000 1.000000 
0.0 
0.0 
0.999542 0.000000 -0.030270 894.881065 
0.000000 -1.000000 0.000000 -768.026967 
-0.030270 0.000000 -0.999542 7455.249971


param_rena53

1883.154401 0.000000 226.673642 
0.000000 1877.240768 260.485193 
0.000000 0.000000 1.000000 
0.0 
0.0 
0.999542 0.000000 -0.030270 919.869609 
0.000000 -1.000000 0.000000 -768.026967 
-0.030270 0.000000 -0.999542 7454.493225

