param_ptm00
2979.0 0.0 -841.227200
0.0 2979.0 452.7121 
0.0 0.0 1.0 
0.0 
0.0 
1.0 0.0 0.0 -1975.0
0.0 1.0 0.0 0.0 
0.0 0.0 1.0 0.0 

param_ptm01
2979.0 0.0 -823.110400
0.0 2979.0 452.7121 
0.0 0.0 1.0 
0.0 
0.0 
1.0 0.0 0.0 -1925.0
0.0 1.0 0.0 0.0 
0.0 0.0 1.0 0.0 

param_ptm02
2979.0 0.0 -804.993600
0.0 2979.0 452.7121 
0.0 0.0 1.0 
0.0 
0.0 
1.0 0.0 0.0 -1875.0
0.0 1.0 0.0 0.0 
0.0 0.0 1.0 0.0 

param_ptm03
2979.0 0.0 -786.876800
0.0 2979.0 452.7121 
0.0 0.0 1.0 
0.0 
0.0 
1.0 0.0 0.0 -1825.0
0.0 1.0 0.0 0.0 
0.0 0.0 1.0 0.0 

param_ptm04
2979.0 0.0 -768.760000
0.0 2979.0 452.7121 
0.0 0.0 1.0 
0.0 
0.0 
1.0 0.0 0.0 -1775.0
0.0 1.0 0.0 0.0 
0.0 0.0 1.0 0.0 

param_ptm05
2979.0 0.0 -750.643200
0.0 2979.0 452.7121 
0.0 0.0 1.0 
0.0 
0.0 
1.0 0.0 0.0 -1725.0
0.0 1.0 0.0 0.0 
0.0 0.0 1.0 0.0 

param_ptm06
2979.0 0.0 -732.526400
0.0 2979.0 452.7121 
0.0 0.0 1.0 
0.0 
0.0 
1.0 0.0 0.0 -1675.0
0.0 1.0 0.0 0.0 
0.0 0.0 1.0 0.0 

param_ptm07
2979.0 0.0 -714.409600
0.0 2979.0 452.7121 
0.0 0.0 1.0 
0.0 
0.0 
1.0 0.0 0.0 -1625.0
0.0 1.0 0.0 0.0 
0.0 0.0 1.0 0.0 

param_ptm08
2979.0 0.0 -696.292800
0.0 2979.0 452.7121 
0.0 0.0 1.0 
0.0 
0.0 
1.0 0.0 0.0 -1575.0
0.0 1.0 0.0 0.0 
0.0 0.0 1.0 0.0 

param_ptm09
2979.0 0.0 -678.176000
0.0 2979.0 452.7121 
0.0 0.0 1.0 
0.0 
0.0 
1.0 0.0 0.0 -1525.0
0.0 1.0 0.0 0.0 
0.0 0.0 1.0 0.0 

param_ptm10
2979.0 0.0 -660.059200
0.0 2979.0 452.7121 
0.0 0.0 1.0 
0.0 
0.0 
1.0 0.0 0.0 -1475.0
0.0 1.0 0.0 0.0 
0.0 0.0 1.0 0.0 

param_ptm11
2979.0 0.0 -641.942400
0.0 2979.0 452.7121 
0.0 0.0 1.0 
0.0 
0.0 
1.0 0.0 0.0 -1425.0
0.0 1.0 0.0 0.0 
0.0 0.0 1.0 0.0 

param_ptm12
2979.0 0.0 -623.825600
0.0 2979.0 452.7121 
0.0 0.0 1.0 
0.0 
0.0 
1.0 0.0 0.0 -1375.0
0.0 1.0 0.0 0.0 
0.0 0.0 1.0 0.0 

param_ptm13
2979.0 0.0 -605.708800
0.0 2979.0 452.7121 
0.0 0.0 1.0 
0.0 
0.0 
1.0 0.0 0.0 -1325.0
0.0 1.0 0.0 0.0 
0.0 0.0 1.0 0.0 

param_ptm14
2979.0 0.0 -587.592000
0.0 2979.0 452.7121 
0.0 0.0 1.0 
0.0 
0.0 
1.0 0.0 0.0 -1275.0
0.0 1.0 0.0 0.0 
0.0 0.0 1.0 0.0 

param_ptm15
2979.0 0.0 -569.475200
0.0 2979.0 452.7121 
0.0 0.0 1.0 
0.0 
0.0 
1.0 0.0 0.0 -1225.0
0.0 1.0 0.0 0.0 
0.0 0.0 1.0 0.0 

param_ptm16
2979.0 0.0 -551.358400
0.0 2979.0 452.7121 
0.0 0.0 1.0 
0.0 
0.0 
1.0 0.0 0.0 -1175.0
0.0 1.0 0.0 0.0 
0.0 0.0 1.0 0.0 

param_ptm17
2979.0 0.0 -533.241600
0.0 2979.0 452.7121 
0.0 0.0 1.0 
0.0 
0.0 
1.0 0.0 0.0 -1125.0
0.0 1.0 0.0 0.0 
0.0 0.0 1.0 0.0 

param_ptm18
2979.0 0.0 -515.124800
0.0 2979.0 452.7121 
0.0 0.0 1.0 
0.0 
0.0 
1.0 0.0 0.0 -1075.0
0.0 1.0 0.0 0.0 
0.0 0.0 1.0 0.0 

param_ptm19
2979.0 0.0 -497.008000
0.0 2979.0 452.7121 
0.0 0.0 1.0 
0.0 
0.0 
1.0 0.0 0.0 -1025.0
0.0 1.0 0.0 0.0 
0.0 0.0 1.0 0.0 

param_ptm20
2979.0 0.0 -478.891200
0.0 2979.0 452.7121 
0.0 0.0 1.0 
0.0 
0.0 
1.0 0.0 0.0 -975.0
0.0 1.0 0.0 0.0 
0.0 0.0 1.0 0.0 

param_ptm21
2979.0 0.0 -460.774400
0.0 2979.0 452.7121 
0.0 0.0 1.0 
0.0 
0.0 
1.0 0.0 0.0 -925.0
0.0 1.0 0.0 0.0 
0.0 0.0 1.0 0.0 

param_ptm22
2979.0 0.0 -442.657600
0.0 2979.0 452.7121 
0.0 0.0 1.0 
0.0 
0.0 
1.0 0.0 0.0 -875.0
0.0 1.0 0.0 0.0 
0.0 0.0 1.0 0.0 

param_ptm23
2979.0 0.0 -424.540800
0.0 2979.0 452.7121 
0.0 0.0 1.0 
0.0 
0.0 
1.0 0.0 0.0 -825.0
0.0 1.0 0.0 0.0 
0.0 0.0 1.0 0.0 

param_ptm24
2979.0 0.0 -406.424000
0.0 2979.0 452.7121 
0.0 0.0 1.0 
0.0 
0.0 
1.0 0.0 0.0 -775.0
0.0 1.0 0.0 0.0 
0.0 0.0 1.0 0.0 

param_ptm25
2979.0 0.0 -388.307200
0.0 2979.0 452.7121 
0.0 0.0 1.0 
0.0 
0.0 
1.0 0.0 0.0 -725.0
0.0 1.0 0.0 0.0 
0.0 0.0 1.0 0.0 

param_ptm26
2979.0 0.0 -370.190400
0.0 2979.0 452.7121 
0.0 0.0 1.0 
0.0 
0.0 
1.0 0.0 0.0 -675.0
0.0 1.0 0.0 0.0 
0.0 0.0 1.0 0.0 

param_ptm27
2979.0 0.0 -352.073600
0.0 2979.0 452.7121 
0.0 0.0 1.0 
0.0 
0.0 
1.0 0.0 0.0 -625.0
0.0 1.0 0.0 0.0 
0.0 0.0 1.0 0.0 

param_ptm28
2979.0 0.0 -333.956800
0.0 2979.0 452.7121 
0.0 0.0 1.0 
0.0 
0.0 
1.0 0.0 0.0 -575.0
0.0 1.0 0.0 0.0 
0.0 0.0 1.0 0.0 

param_ptm29
2979.0 0.0 -315.840000
0.0 2979.0 452.7121 
0.0 0.0 1.0 
0.0 
0.0 
1.0 0.0 0.0 -525.0
0.0 1.0 0.0 0.0 
0.0 0.0 1.0 0.0 

param_ptm30
2979.0 0.0 -297.723200
0.0 2979.0 452.7121 
0.0 0.0 1.0 
0.0 
0.0 
1.0 0.0 0.0 -475.0
0.0 1.0 0.0 0.0 
0.0 0.0 1.0 0.0 

param_ptm31
2979.0 0.0 -279.606400
0.0 2979.0 452.7121 
0.0 0.0 1.0 
0.0 
0.0 
1.0 0.0 0.0 -425.0
0.0 1.0 0.0 0.0 
0.0 0.0 1.0 0.0 

param_ptm32
2979.0 0.0 -261.489600
0.0 2979.0 452.7121 
0.0 0.0 1.0 
0.0 
0.0 
1.0 0.0 0.0 -375.0
0.0 1.0 0.0 0.0 
0.0 0.0 1.0 0.0 

param_ptm33
2979.0 0.0 -243.372800
0.0 2979.0 452.7121 
0.0 0.0 1.0 
0.0 
0.0 
1.0 0.0 0.0 -325.0
0.0 1.0 0.0 0.0 
0.0 0.0 1.0 0.0 

param_ptm34
2979.0 0.0 -225.256000
0.0 2979.0 452.7121 
0.0 0.0 1.0 
0.0 
0.0 
1.0 0.0 0.0 -275.0
0.0 1.0 0.0 0.0 
0.0 0.0 1.0 0.0 

param_ptm35
2979.0 0.0 -207.139200
0.0 2979.0 452.7121 
0.0 0.0 1.0 
0.0 
0.0 
1.0 0.0 0.0 -225.0
0.0 1.0 0.0 0.0 
0.0 0.0 1.0 0.0 

param_ptm36
2979.0 0.0 -189.022400
0.0 2979.0 452.7121 
0.0 0.0 1.0 
0.0 
0.0 
1.0 0.0 0.0 -175.0
0.0 1.0 0.0 0.0 
0.0 0.0 1.0 0.0 

param_ptm37
2979.0 0.0 -170.905600
0.0 2979.0 452.7121 
0.0 0.0 1.0 
0.0 
0.0 
1.0 0.0 0.0 -125.0
0.0 1.0 0.0 0.0 
0.0 0.0 1.0 0.0 

param_ptm38
2979.0 0.0 -152.788800
0.0 2979.0 452.7121 
0.0 0.0 1.0 
0.0 
0.0 
1.0 0.0 0.0 -75.0
0.0 1.0 0.0 0.0 
0.0 0.0 1.0 0.0 

param_ptm39
2979.0 0.0 -134.672000
0.0 2979.0 452.7121 
0.0 0.0 1.0 
0.0 
0.0 
1.0 0.0 0.0 -25.0
0.0 1.0 0.0 0.0 
0.0 0.0 1.0 0.0 

param_ptm40
2979.0 0.0 -116.555200
0.0 2979.0 452.7121 
0.0 0.0 1.0 
0.0 
0.0 
1.0 0.0 0.0 25.0
0.0 1.0 0.0 0.0 
0.0 0.0 1.0 0.0 

param_ptm41
2979.0 0.0 -98.438400
0.0 2979.0 452.7121 
0.0 0.0 1.0 
0.0 
0.0 
1.0 0.0 0.0 75.0
0.0 1.0 0.0 0.0 
0.0 0.0 1.0 0.0 

param_ptm42
2979.0 0.0 -80.321600
0.0 2979.0 452.7121 
0.0 0.0 1.0 
0.0 
0.0 
1.0 0.0 0.0 125.0
0.0 1.0 0.0 0.0 
0.0 0.0 1.0 0.0 

param_ptm43
2979.0 0.0 -62.204800
0.0 2979.0 452.7121 
0.0 0.0 1.0 
0.0 
0.0 
1.0 0.0 0.0 175.0
0.0 1.0 0.0 0.0 
0.0 0.0 1.0 0.0 

param_ptm44
2979.0 0.0 -44.088000
0.0 2979.0 452.7121 
0.0 0.0 1.0 
0.0 
0.0 
1.0 0.0 0.0 225.0
0.0 1.0 0.0 0.0 
0.0 0.0 1.0 0.0 

param_ptm45
2979.0 0.0 -25.971200
0.0 2979.0 452.7121 
0.0 0.0 1.0 
0.0 
0.0 
1.0 0.0 0.0 275.0
0.0 1.0 0.0 0.0 
0.0 0.0 1.0 0.0 

param_ptm46
2979.0 0.0 -7.854400
0.0 2979.0 452.7121 
0.0 0.0 1.0 
0.0 
0.0 
1.0 0.0 0.0 325.0
0.0 1.0 0.0 0.0 
0.0 0.0 1.0 0.0 

param_ptm47
2979.0 0.0 10.262400
0.0 2979.0 452.7121 
0.0 0.0 1.0 
0.0 
0.0 
1.0 0.0 0.0 375.0
0.0 1.0 0.0 0.0 
0.0 0.0 1.0 0.0 

param_ptm48
2979.0 0.0 28.379200
0.0 2979.0 452.7121 
0.0 0.0 1.0 
0.0 
0.0 
1.0 0.0 0.0 425.0
0.0 1.0 0.0 0.0 
0.0 0.0 1.0 0.0 

param_ptm49
2979.0 0.0 46.496000
0.0 2979.0 452.7121 
0.0 0.0 1.0 
0.0 
0.0 
1.0 0.0 0.0 475.0
0.0 1.0 0.0 0.0 
0.0 0.0 1.0 0.0 

param_ptm50
2979.0 0.0 64.612800
0.0 2979.0 452.7121 
0.0 0.0 1.0 
0.0 
0.0 
1.0 0.0 0.0 525.0
0.0 1.0 0.0 0.0 
0.0 0.0 1.0 0.0 

param_ptm51
2979.0 0.0 82.729600
0.0 2979.0 452.7121 
0.0 0.0 1.0 
0.0 
0.0 
1.0 0.0 0.0 575.0
0.0 1.0 0.0 0.0 
0.0 0.0 1.0 0.0 

param_ptm52
2979.0 0.0 100.846400
0.0 2979.0 452.7121 
0.0 0.0 1.0 
0.0 
0.0 
1.0 0.0 0.0 625.0
0.0 1.0 0.0 0.0 
0.0 0.0 1.0 0.0 

param_ptm53
2979.0 0.0 118.963200
0.0 2979.0 452.7121 
0.0 0.0 1.0 
0.0 
0.0 
1.0 0.0 0.0 675.0
0.0 1.0 0.0 0.0 
0.0 0.0 1.0 0.0 

param_ptm54
2979.0 0.0 137.080000
0.0 2979.0 452.7121 
0.0 0.0 1.0 
0.0 
0.0 
1.0 0.0 0.0 725.0
0.0 1.0 0.0 0.0 
0.0 0.0 1.0 0.0 

param_ptm55
2979.0 0.0 155.196800
0.0 2979.0 452.7121 
0.0 0.0 1.0 
0.0 
0.0 
1.0 0.0 0.0 775.0
0.0 1.0 0.0 0.0 
0.0 0.0 1.0 0.0 

param_ptm56
2979.0 0.0 173.313600
0.0 2979.0 452.7121 
0.0 0.0 1.0 
0.0 
0.0 
1.0 0.0 0.0 825.0
0.0 1.0 0.0 0.0 
0.0 0.0 1.0 0.0 

param_ptm57
2979.0 0.0 191.430400
0.0 2979.0 452.7121 
0.0 0.0 1.0 
0.0 
0.0 
1.0 0.0 0.0 875.0
0.0 1.0 0.0 0.0 
0.0 0.0 1.0 0.0 

param_ptm58
2979.0 0.0 209.547200
0.0 2979.0 452.7121 
0.0 0.0 1.0 
0.0 
0.0 
1.0 0.0 0.0 925.0
0.0 1.0 0.0 0.0 
0.0 0.0 1.0 0.0 

param_ptm59
2979.0 0.0 227.664000
0.0 2979.0 452.7121 
0.0 0.0 1.0 
0.0 
0.0 
1.0 0.0 0.0 975.0
0.0 1.0 0.0 0.0 
0.0 0.0 1.0 0.0 

param_ptm60
2979.0 0.0 245.780800
0.0 2979.0 452.7121 
0.0 0.0 1.0 
0.0 
0.0 
1.0 0.0 0.0 1025.0
0.0 1.0 0.0 0.0 
0.0 0.0 1.0 0.0 

param_ptm61
2979.0 0.0 263.897600
0.0 2979.0 452.7121 
0.0 0.0 1.0 
0.0 
0.0 
1.0 0.0 0.0 1075.0
0.0 1.0 0.0 0.0 
0.0 0.0 1.0 0.0 

param_ptm62
2979.0 0.0 282.014400
0.0 2979.0 452.7121 
0.0 0.0 1.0 
0.0 
0.0 
1.0 0.0 0.0 1125.0
0.0 1.0 0.0 0.0 
0.0 0.0 1.0 0.0 

param_ptm63
2979.0 0.0 300.131200
0.0 2979.0 452.7121 
0.0 0.0 1.0 
0.0 
0.0 
1.0 0.0 0.0 1175.0
0.0 1.0 0.0 0.0 
0.0 0.0 1.0 0.0 

param_ptm64
2979.0 0.0 318.248000
0.0 2979.0 452.7121 
0.0 0.0 1.0 
0.0 
0.0 
1.0 0.0 0.0 1225.0
0.0 1.0 0.0 0.0 
0.0 0.0 1.0 0.0 

param_ptm65
2979.0 0.0 336.364800
0.0 2979.0 452.7121 
0.0 0.0 1.0 
0.0 
0.0 
1.0 0.0 0.0 1275.0
0.0 1.0 0.0 0.0 
0.0 0.0 1.0 0.0 

param_ptm66
2979.0 0.0 354.481600
0.0 2979.0 452.7121 
0.0 0.0 1.0 
0.0 
0.0 
1.0 0.0 0.0 1325.0
0.0 1.0 0.0 0.0 
0.0 0.0 1.0 0.0 

param_ptm67
2979.0 0.0 372.598400
0.0 2979.0 452.7121 
0.0 0.0 1.0 
0.0 
0.0 
1.0 0.0 0.0 1375.0
0.0 1.0 0.0 0.0 
0.0 0.0 1.0 0.0 

param_ptm68
2979.0 0.0 390.715200
0.0 2979.0 452.7121 
0.0 0.0 1.0 
0.0 
0.0 
1.0 0.0 0.0 1425.0
0.0 1.0 0.0 0.0 
0.0 0.0 1.0 0.0 

param_ptm69
2979.0 0.0 408.832000
0.0 2979.0 452.7121 
0.0 0.0 1.0 
0.0 
0.0 
1.0 0.0 0.0 1475.0
0.0 1.0 0.0 0.0 
0.0 0.0 1.0 0.0 

param_ptm70
2979.0 0.0 426.948800
0.0 2979.0 452.7121 
0.0 0.0 1.0 
0.0 
0.0 
1.0 0.0 0.0 1525.0
0.0 1.0 0.0 0.0 
0.0 0.0 1.0 0.0 

param_ptm71
2979.0 0.0 445.065600
0.0 2979.0 452.7121 
0.0 0.0 1.0 
0.0 
0.0 
1.0 0.0 0.0 1575.0
0.0 1.0 0.0 0.0 
0.0 0.0 1.0 0.0 

param_ptm72
2979.0 0.0 463.182400
0.0 2979.0 452.7121 
0.0 0.0 1.0 
0.0 
0.0 
1.0 0.0 0.0 1625.0
0.0 1.0 0.0 0.0 
0.0 0.0 1.0 0.0 

param_ptm73
2979.0 0.0 481.299200
0.0 2979.0 452.7121 
0.0 0.0 1.0 
0.0 
0.0 
1.0 0.0 0.0 1675.0
0.0 1.0 0.0 0.0 
0.0 0.0 1.0 0.0 

param_ptm74
2979.0 0.0 499.416000
0.0 2979.0 452.7121 
0.0 0.0 1.0 
0.0 
0.0 
1.0 0.0 0.0 1725.0
0.0 1.0 0.0 0.0 
0.0 0.0 1.0 0.0 

param_ptm75
2979.0 0.0 517.532800
0.0 2979.0 452.7121 
0.0 0.0 1.0 
0.0 
0.0 
1.0 0.0 0.0 1775.0
0.0 1.0 0.0 0.0 
0.0 0.0 1.0 0.0 

param_ptm76
2979.0 0.0 535.649600
0.0 2979.0 452.7121 
0.0 0.0 1.0 
0.0 
0.0 
1.0 0.0 0.0 1825.0
0.0 1.0 0.0 0.0 
0.0 0.0 1.0 0.0 

param_ptm77
2979.0 0.0 553.766400
0.0 2979.0 452.7121 
0.0 0.0 1.0 
0.0 
0.0 
1.0 0.0 0.0 1875.0
0.0 1.0 0.0 0.0 
0.0 0.0 1.0 0.0 

param_ptm78
2979.0 0.0 571.883200
0.0 2979.0 452.7121 
0.0 0.0 1.0 
0.0 
0.0 
1.0 0.0 0.0 1925.0
0.0 1.0 0.0 0.0 
0.0 0.0 1.0 0.0 

param_ptm79
2979.0 0.0 590.000000
0.0 2979.0 452.7121 
0.0 0.0 1.0 
0.0 
0.0 
1.0 0.0 0.0 1975.0
0.0 1.0 0.0 0.0 
0.0 0.0 1.0 0.0 

