param_book016
1399.466666666666	0.000000	512.0
0.000000	1399.466666666666	384.0
0.000000	0.000000	1.000000
0.0
0.0
1.0 0.0 0.0 -8.631997
0.0 1.0 0.0 0.0
0.0 0.0 1.0 0.0

param_book015
1399.466666666666	0.000000	512.0
0.000000	1399.466666666666	384.0
0.000000	0.000000	1.000000
0.0
0.0
1.0 0.0 0.0 -8.075792
0.0 1.0 0.0 0.0
0.0 0.0 1.0 0.0

param_book014
1399.466666666666	0.000000	512.0
0.000000	1399.466666666666	384.0
0.000000	0.000000	1.000000
0.0
0.0
1.0 0.0 0.0 -7.506794
0.0 1.0 0.0 0.0
0.0 0.0 1.0 0.0

param_book013
1399.466666666666	0.000000	512.0
0.000000	1399.466666666666	384.0
0.000000	0.000000	1.000000
0.0
0.0
1.0 0.0 0.0 -6.922520
0.0 1.0 0.0 0.0
0.0 0.0 1.0 0.0

param_book012
1399.466666666666	0.000000	512.0
0.000000	1399.466666666666	384.0
0.000000	0.000000	1.000000
0.0
0.0
1.0 0.0 0.0 -6.351743
0.0 1.0 0.0 0.0
0.0 0.0 1.0 0.0

param_book011
1399.466666666666	0.000000	512.0
0.000000	1399.466666666666	384.0
0.000000	0.000000	1.000000
0.0
0.0
1.0 0.0 0.0 -5.770855
0.0 1.0 0.0 0.0
0.0 0.0 1.0 0.0

param_book010
1399.466666666666	0.000000	512.0
0.000000	1399.466666666666	384.0
0.000000	0.000000	1.000000
0.0
0.0
1.0 0.0 0.0 -5.205949
0.0 1.0 0.0 0.0
0.0 0.0 1.0 0.0

param_book009
1399.466666666666	0.000000	512.0
0.000000	1399.466666666666	384.0
0.000000	0.000000	1.000000
0.0
0.0
1.0 0.0 0.0 -4.622435
0.0 1.0 0.0 0.0
0.0 0.0 1.0 0.0

param_book008
1399.466666666666	0.000000	512.0
0.000000	1399.466666666666	384.0
0.000000	0.000000	1.000000
0.0
0.0
1.0 0.0 0.0 -4.046711
0.0 1.0 0.0 0.0
0.0 0.0 1.0 0.0

param_book007
1399.466666666666	0.000000	512.0
0.000000	1399.466666666666	384.0
0.000000	0.000000	1.000000
0.0
0.0
1.0 0.0 0.0 -3.477901
0.0 1.0 0.0 0.0
0.0 0.0 1.0 0.0

param_book006
1399.466666666666	0.000000	512.0
0.000000	1399.466666666666	384.0
0.000000	0.000000	1.000000
0.0
0.0
1.0 0.0 0.0 -2.892842
0.0 1.0 0.0 0.0
0.0 0.0 1.0 0.0

param_book005
1399.466666666666	0.000000	512.0
0.000000	1399.466666666666	384.0
0.000000	0.000000	1.000000
0.0
0.0
1.0 0.0 0.0 -2.310225
0.0 1.0 0.0 0.0
0.0 0.0 1.0 0.0

param_book004
1399.466666666666	0.000000	512.0
0.000000	1399.466666666666	384.0
0.000000	0.000000	1.000000
0.0
0.0
1.0 0.0 0.0 -1.720423
0.0 1.0 0.0 0.0
0.0 0.0 1.0 0.0

param_book003
1399.466666666666	0.000000	512.0
0.000000	1399.466666666666	384.0
0.000000	0.000000	1.000000
0.0
0.0
1.0 0.0 0.0 -1.139177
0.0 1.0 0.0 0.0
0.0 0.0 1.0 0.0

param_book002
1399.466666666666	0.000000	512.0
0.000000	1399.466666666666	384.0
0.000000	0.000000	1.000000
0.0
0.0
1.0 0.0 0.0 -0.577489
0.0 1.0 0.0 0.0
0.0 0.0 1.0 0.0

param_book001
1399.466666666666	0.000000	512.0
0.000000	1399.466666666666	384.0
0.000000	0.000000	1.000000
0.0
0.0
1.0 0.0 0.0 0.0
0.0 1.0 0.0 0.0
0.0 0.0 1.0 0.0
