param_ak26
1499.040350 0.000000 319.500000 
0.000000 1495.296908 239.500000 
0.000000 0.000000 1.000000 
0.0 
0.0 
0.999999 0.000000 0.001313 265.482555 
0.000000 -1.000000 0.000000 -146.047360 
0.001313 0.000000 -0.999999 4066.842335 

inter_ak2627
1499.040350 0.000000 319.500000 
0.000000 1495.296908 239.500000 
0.000000 0.000000 1.000000 
0.0 
0.0 
0.999999 0.000000 0.001313 290.4825335 
0.000000 -1.000000 0.000000 -146.047360 
0.001313 0.000000 -0.999999 4066.842335 

param_ak27
1499.040350 0.000000 319.500000 
0.000000 1495.296908 239.500000 
0.000000 0.000000 1.000000 
0.0 
0.0 
0.999999 0.000000 0.001313 315.482512 
0.000000 -1.000000 0.000000 -146.047360 
0.001313 0.000000 -0.999999 4066.908006 

inter_ak2728
1499.040350 0.000000 319.500000 
0.000000 1495.296908 239.500000 
0.000000 0.000000 1.000000 
0.0 
0.0 
0.999999 0.000000 0.001313 340.4824905 
0.000000 -1.000000 0.000000 -146.047360 
0.001313 0.000000 -0.999999 4066.908006 

param_ak28
1499.040350 0.000000 319.500000 
0.000000 1495.296908 239.500000 
0.000000 0.000000 1.000000 
0.0 
0.0 
0.999999 0.000000 0.001313 365.482469 
0.000000 -1.000000 0.000000 -146.047360 
0.001313 0.000000 -0.999999 4066.973676 

inter_ak2829
1499.040350 0.000000 319.500000 
0.000000 1495.296908 239.500000 
0.000000 0.000000 1.000000 
0.0 
0.0 
0.999999 0.000000 0.001313 390.4824475 
0.000000 -1.000000 0.000000 -146.047360 
0.001313 0.000000 -0.999999 4066.973676 

param_ak29
1499.040350 0.000000 319.500000 
0.000000 1495.296908 239.500000 
0.000000 0.000000 1.000000 
0.0 
0.0 
0.999999 0.000000 0.001313 415.482426 
0.000000 -1.000000 0.000000 -146.047360 
0.001313 0.000000 -0.999999 4067.039347 

inter_ak2930
1499.040350 0.000000 319.500000 
0.000000 1495.296908 239.500000 
0.000000 0.000000 1.000000 
0.0 
0.0 
0.999999 0.000000 0.001313 440.4824045 
0.000000 -1.000000 0.000000 -146.047360 
0.001313 0.000000 -0.999999 4067.039347 

param_ak30
1499.040350 0.000000 319.500000 
0.000000 1495.296908 239.500000 
0.000000 0.000000 1.000000 
0.0 
0.0 
0.999999 0.000000 0.001313 465.482383 
0.000000 -1.000000 0.000000 -146.047360 
0.001313 0.000000 -0.999999 4067.105018

param_ak46
1499.040350 0.000000 319.500000 
0.000000 1495.296908 239.500000 
0.000000 0.000000 1.000000 
0.0 
0.0 
0.999999 0.000000 0.001313 265.482555 
0.000000 -1.000000 0.000000 -346.047360 
0.001313 0.000000 -0.999999 4066.842335

inter_ak4647
1499.040350 0.000000 319.500000 
0.000000 1495.296908 239.500000 
0.000000 0.000000 1.000000 
0.0 
0.0 
0.999999 0.000000 0.001313 290.4825335 
0.000000 -1.000000 0.000000 -346.047360 
0.001313 0.000000 -0.999999 4066.842335

param_ak47
1499.040350 0.000000 319.500000 
0.000000 1495.296908 239.500000 
0.000000 0.000000 1.000000 
0.0 
0.0 
0.999999 0.000000 0.001313 315.482512 
0.000000 -1.000000 0.000000 -346.047360 
0.001313 0.000000 -0.999999 4066.908006

inter_ak4748
1499.040350 0.000000 319.500000 
0.000000 1495.296908 239.500000 
0.000000 0.000000 1.000000 
0.0 
0.0 
0.999999 0.000000 0.001313 340.4824905 
0.000000 -1.000000 0.000000 -346.047360 
0.001313 0.000000 -0.999999 4066.908006

param_ak48
1499.040350 0.000000 319.500000 
0.000000 1495.296908 239.500000 
0.000000 0.000000 1.000000 
0.0 
0.0 
0.999999 0.000000 0.001313 365.482469 
0.000000 -1.000000 0.000000 -346.047360 
0.001313 0.000000 -0.999999 4066.973676

inter_ak4849
1499.040350 0.000000 319.500000 
0.000000 1495.296908 239.500000 
0.000000 0.000000 1.000000 
0.0 
0.0 
0.999999 0.000000 0.001313 390.4824475 
0.000000 -1.000000 0.000000 -346.047360 
0.001313 0.000000 -0.999999 4066.973676

param_ak49
1499.040350 0.000000 319.500000 
0.000000 1495.296908 239.500000 
0.000000 0.000000 1.000000 
0.0 
0.0 
0.999999 0.000000 0.001313 415.482426 
0.000000 -1.000000 0.000000 -346.047360 
0.001313 0.000000 -0.999999 4067.039347

inter_ak4950
1499.040350 0.000000 319.500000 
0.000000 1495.296908 239.500000 
0.000000 0.000000 1.000000 
0.0 
0.0 
0.999999 0.000000 0.001313 440.4824045 
0.000000 -1.000000 0.000000 -346.047360 
0.001313 0.000000 -0.999999 4067.039347

param_ak50
1499.040350 0.000000 319.500000 
0.000000 1495.296908 239.500000 
0.000000 0.000000 1.000000 
0.0 
0.0 
0.999999 0.000000 0.001313 465.482383 
0.000000 -1.000000 0.000000 -346.047360 
0.001313 0.000000 -0.999999 4067.105018

param_ak66
1499.040350 0.000000 319.500000 
0.000000 1495.296908 239.500000 
0.000000 0.000000 1.000000 
0.0 
0.0 
0.999999 0.000000 0.001313 265.482555 
0.000000 -1.000000 0.000000 -546.047360 
0.001313 0.000000 -0.999999 4066.842335

inter_ak6667
1499.040350 0.000000 319.500000 
0.000000 1495.296908 239.500000 
0.000000 0.000000 1.000000 
0.0 
0.0 
0.999999 0.000000 0.001313 290.4825335 
0.000000 -1.000000 0.000000 -546.047360 
0.001313 0.000000 -0.999999 4066.842335

param_ak67
1499.040350 0.000000 319.500000 
0.000000 1495.296908 239.500000 
0.000000 0.000000 1.000000 
0.0 
0.0 
0.999999 0.000000 0.001313 315.482512 
0.000000 -1.000000 0.000000 -546.047360 
0.001313 0.000000 -0.999999 4066.908006 

inter_ak6768
1499.040350 0.000000 319.500000 
0.000000 1495.296908 239.500000 
0.000000 0.000000 1.000000 
0.0 
0.0 
0.999999 0.000000 0.001313 340.4824905 
0.000000 -1.000000 0.000000 -546.047360 
0.001313 0.000000 -0.999999 4066.908006 

param_ak68
1499.040350 0.000000 319.500000 
0.000000 1495.296908 239.500000 
0.000000 0.000000 1.000000 
0.0 
0.0 
0.999999 0.000000 0.001313 365.482469 
0.000000 -1.000000 0.000000 -546.047360 
0.001313 0.000000 -0.999999 4066.973676 

inter_ak6869
1499.040350 0.000000 319.500000 
0.000000 1495.296908 239.500000 
0.000000 0.000000 1.000000 
0.0 
0.0 
0.999999 0.000000 0.001313 390.4824475 
0.000000 -1.000000 0.000000 -546.047360 
0.001313 0.000000 -0.999999 4066.973676 

param_ak69
1499.040350 0.000000 319.500000 
0.000000 1495.296908 239.500000 
0.000000 0.000000 1.000000 
0.0 
0.0 
0.999999 0.000000 0.001313 415.482426 
0.000000 -1.000000 0.000000 -546.047360 
0.001313 0.000000 -0.999999 4067.039347

inter_ak6970
1499.040350 0.000000 319.500000 
0.000000 1495.296908 239.500000 
0.000000 0.000000 1.000000 
0.0 
0.0 
0.999999 0.000000 0.001313 440.4824045 
0.000000 -1.000000 0.000000 -546.047360 
0.001313 0.000000 -0.999999 4067.039347

param_ak70
1499.040350 0.000000 319.500000 
0.000000 1495.296908 239.500000 
0.000000 0.000000 1.000000 
0.0 
0.0 
0.999999 0.000000 0.001313 465.482383 
0.000000 -1.000000 0.000000 -546.047360 
0.001313 0.000000 -0.999999 4067.105018 

