param_dog00
2979.0 0.0 -841.227200
0.0 2979.0 452.7121 
0.0 0.0 1.0 
0.0 
0.0 
1.0 0.0 0.0 -1975.0
0.0 1.0 0.0 0.0 
0.0 0.0 1.0 0.0 

param_dog01
2979.0 0.0 -823.110400
0.0 2979.0 452.7121 
0.0 0.0 1.0 
0.0 
0.0 
1.0 0.0 0.0 -1925.0
0.0 1.0 0.0 0.0 
0.0 0.0 1.0 0.0 

param_dog02
2979.0 0.0 -804.993600
0.0 2979.0 452.7121 
0.0 0.0 1.0 
0.0 
0.0 
1.0 0.0 0.0 -1875.0
0.0 1.0 0.0 0.0 
0.0 0.0 1.0 0.0 

param_dog03
2979.0 0.0 -786.876800
0.0 2979.0 452.7121 
0.0 0.0 1.0 
0.0 
0.0 
1.0 0.0 0.0 -1825.0
0.0 1.0 0.0 0.0 
0.0 0.0 1.0 0.0 

param_dog04
2979.0 0.0 -768.760000
0.0 2979.0 452.7121 
0.0 0.0 1.0 
0.0 
0.0 
1.0 0.0 0.0 -1775.0
0.0 1.0 0.0 0.0 
0.0 0.0 1.0 0.0 

param_dog05
2979.0 0.0 -750.643200
0.0 2979.0 452.7121 
0.0 0.0 1.0 
0.0 
0.0 
1.0 0.0 0.0 -1725.0
0.0 1.0 0.0 0.0 
0.0 0.0 1.0 0.0 

param_dog06
2979.0 0.0 -732.526400
0.0 2979.0 452.7121 
0.0 0.0 1.0 
0.0 
0.0 
1.0 0.0 0.0 -1675.0
0.0 1.0 0.0 0.0 
0.0 0.0 1.0 0.0 

param_dog07
2979.0 0.0 -714.409600
0.0 2979.0 452.7121 
0.0 0.0 1.0 
0.0 
0.0 
1.0 0.0 0.0 -1625.0
0.0 1.0 0.0 0.0 
0.0 0.0 1.0 0.0 

param_dog08
2979.0 0.0 -696.292800
0.0 2979.0 452.7121 
0.0 0.0 1.0 
0.0 
0.0 
1.0 0.0 0.0 -1575.0
0.0 1.0 0.0 0.0 
0.0 0.0 1.0 0.0 

param_dog09
2979.0 0.0 -678.176000
0.0 2979.0 452.7121 
0.0 0.0 1.0 
0.0 
0.0 
1.0 0.0 0.0 -1525.0
0.0 1.0 0.0 0.0 
0.0 0.0 1.0 0.0 

param_dog10
2979.0 0.0 -660.059200
0.0 2979.0 452.7121 
0.0 0.0 1.0 
0.0 
0.0 
1.0 0.0 0.0 -1475.0
0.0 1.0 0.0 0.0 
0.0 0.0 1.0 0.0 

param_dog11
2979.0 0.0 -641.942400
0.0 2979.0 452.7121 
0.0 0.0 1.0 
0.0 
0.0 
1.0 0.0 0.0 -1425.0
0.0 1.0 0.0 0.0 
0.0 0.0 1.0 0.0 

param_dog12
2979.0 0.0 -623.825600
0.0 2979.0 452.7121 
0.0 0.0 1.0 
0.0 
0.0 
1.0 0.0 0.0 -1375.0
0.0 1.0 0.0 0.0 
0.0 0.0 1.0 0.0 

param_dog13
2979.0 0.0 -605.708800
0.0 2979.0 452.7121 
0.0 0.0 1.0 
0.0 
0.0 
1.0 0.0 0.0 -1325.0
0.0 1.0 0.0 0.0 
0.0 0.0 1.0 0.0 

param_dog14
2979.0 0.0 -587.592000
0.0 2979.0 452.7121 
0.0 0.0 1.0 
0.0 
0.0 
1.0 0.0 0.0 -1275.0
0.0 1.0 0.0 0.0 
0.0 0.0 1.0 0.0 

param_dog15
2979.0 0.0 -569.475200
0.0 2979.0 452.7121 
0.0 0.0 1.0 
0.0 
0.0 
1.0 0.0 0.0 -1225.0
0.0 1.0 0.0 0.0 
0.0 0.0 1.0 0.0 

param_dog16
2979.0 0.0 -551.358400
0.0 2979.0 452.7121 
0.0 0.0 1.0 
0.0 
0.0 
1.0 0.0 0.0 -1175.0
0.0 1.0 0.0 0.0 
0.0 0.0 1.0 0.0 

param_dog17
2979.0 0.0 -533.241600
0.0 2979.0 452.7121 
0.0 0.0 1.0 
0.0 
0.0 
1.0 0.0 0.0 -1125.0
0.0 1.0 0.0 0.0 
0.0 0.0 1.0 0.0 

param_dog18
2979.0 0.0 -515.124800
0.0 2979.0 452.7121 
0.0 0.0 1.0 
0.0 
0.0 
1.0 0.0 0.0 -1075.0
0.0 1.0 0.0 0.0 
0.0 0.0 1.0 0.0 

param_dog19
2979.0 0.0 -497.008000
0.0 2979.0 452.7121 
0.0 0.0 1.0 
0.0 
0.0 
1.0 0.0 0.0 -1025.0
0.0 1.0 0.0 0.0 
0.0 0.0 1.0 0.0 

param_dog20
2979.0 0.0 -478.891200
0.0 2979.0 452.7121 
0.0 0.0 1.0 
0.0 
0.0 
1.0 0.0 0.0 -975.0
0.0 1.0 0.0 0.0 
0.0 0.0 1.0 0.0 

param_dog21
2979.0 0.0 -460.774400
0.0 2979.0 452.7121 
0.0 0.0 1.0 
0.0 
0.0 
1.0 0.0 0.0 -925.0
0.0 1.0 0.0 0.0 
0.0 0.0 1.0 0.0 

param_dog22
2979.0 0.0 -442.657600
0.0 2979.0 452.7121 
0.0 0.0 1.0 
0.0 
0.0 
1.0 0.0 0.0 -875.0
0.0 1.0 0.0 0.0 
0.0 0.0 1.0 0.0 

param_dog23
2979.0 0.0 -424.540800
0.0 2979.0 452.7121 
0.0 0.0 1.0 
0.0 
0.0 
1.0 0.0 0.0 -825.0
0.0 1.0 0.0 0.0 
0.0 0.0 1.0 0.0 

param_dog24
2979.0 0.0 -406.424000
0.0 2979.0 452.7121 
0.0 0.0 1.0 
0.0 
0.0 
1.0 0.0 0.0 -775.0
0.0 1.0 0.0 0.0 
0.0 0.0 1.0 0.0 

param_dog25
2979.0 0.0 -388.307200
0.0 2979.0 452.7121 
0.0 0.0 1.0 
0.0 
0.0 
1.0 0.0 0.0 -725.0
0.0 1.0 0.0 0.0 
0.0 0.0 1.0 0.0 

param_dog26
2979.0 0.0 -370.190400
0.0 2979.0 452.7121 
0.0 0.0 1.0 
0.0 
0.0 
1.0 0.0 0.0 -675.0
0.0 1.0 0.0 0.0 
0.0 0.0 1.0 0.0 

param_dog27
2979.0 0.0 -352.073600
0.0 2979.0 452.7121 
0.0 0.0 1.0 
0.0 
0.0 
1.0 0.0 0.0 -625.0
0.0 1.0 0.0 0.0 
0.0 0.0 1.0 0.0 

param_dog28
2979.0 0.0 -333.956800
0.0 2979.0 452.7121 
0.0 0.0 1.0 
0.0 
0.0 
1.0 0.0 0.0 -575.0
0.0 1.0 0.0 0.0 
0.0 0.0 1.0 0.0 

param_dog29
2979.0 0.0 -315.840000
0.0 2979.0 452.7121 
0.0 0.0 1.0 
0.0 
0.0 
1.0 0.0 0.0 -525.0
0.0 1.0 0.0 0.0 
0.0 0.0 1.0 0.0 

param_dog30
2979.0 0.0 -297.723200
0.0 2979.0 452.7121 
0.0 0.0 1.0 
0.0 
0.0 
1.0 0.0 0.0 -475.0
0.0 1.0 0.0 0.0 
0.0 0.0 1.0 0.0 

param_dog31
2979.0 0.0 -279.606400
0.0 2979.0 452.7121 
0.0 0.0 1.0 
0.0 
0.0 
1.0 0.0 0.0 -425.0
0.0 1.0 0.0 0.0 
0.0 0.0 1.0 0.0 

param_dog32
2979.0 0.0 -261.489600
0.0 2979.0 452.7121 
0.0 0.0 1.0 
0.0 
0.0 
1.0 0.0 0.0 -375.0
0.0 1.0 0.0 0.0 
0.0 0.0 1.0 0.0 

param_dog33
2979.0 0.0 -243.372800
0.0 2979.0 452.7121 
0.0 0.0 1.0 
0.0 
0.0 
1.0 0.0 0.0 -325.0
0.0 1.0 0.0 0.0 
0.0 0.0 1.0 0.0 

param_dog34
2979.0 0.0 -225.256000
0.0 2979.0 452.7121 
0.0 0.0 1.0 
0.0 
0.0 
1.0 0.0 0.0 -275.0
0.0 1.0 0.0 0.0 
0.0 0.0 1.0 0.0 

param_dog35
2979.0 0.0 -207.139200
0.0 2979.0 452.7121 
0.0 0.0 1.0 
0.0 
0.0 
1.0 0.0 0.0 -225.0
0.0 1.0 0.0 0.0 
0.0 0.0 1.0 0.0 

param_dog36
2979.0 0.0 -189.022400
0.0 2979.0 452.7121 
0.0 0.0 1.0 
0.0 
0.0 
1.0 0.0 0.0 -175.0
0.0 1.0 0.0 0.0 
0.0 0.0 1.0 0.0 

param_dog37
2979.0 0.0 -170.905600
0.0 2979.0 452.7121 
0.0 0.0 1.0 
0.0 
0.0 
1.0 0.0 0.0 -125.0
0.0 1.0 0.0 0.0 
0.0 0.0 1.0 0.0 

param_dog38
2979.0 0.0 -152.788800
0.0 2979.0 452.7121 
0.0 0.0 1.0 
0.0 
0.0 
1.0 0.0 0.0 -75.0
0.0 1.0 0.0 0.0 
0.0 0.0 1.0 0.0 

param_dog39
2979.0 0.0 -134.672000
0.0 2979.0 452.7121 
0.0 0.0 1.0 
0.0 
0.0 
1.0 0.0 0.0 -25.0
0.0 1.0 0.0 0.0 
0.0 0.0 1.0 0.0 

param_dog40
2979.0 0.0 -116.555200
0.0 2979.0 452.7121 
0.0 0.0 1.0 
0.0 
0.0 
1.0 0.0 0.0 25.0
0.0 1.0 0.0 0.0 
0.0 0.0 1.0 0.0 

param_dog41
2979.0 0.0 -98.438400
0.0 2979.0 452.7121 
0.0 0.0 1.0 
0.0 
0.0 
1.0 0.0 0.0 75.0
0.0 1.0 0.0 0.0 
0.0 0.0 1.0 0.0 

param_dog42
2979.0 0.0 -80.321600
0.0 2979.0 452.7121 
0.0 0.0 1.0 
0.0 
0.0 
1.0 0.0 0.0 125.0
0.0 1.0 0.0 0.0 
0.0 0.0 1.0 0.0 

param_dog43
2979.0 0.0 -62.204800
0.0 2979.0 452.7121 
0.0 0.0 1.0 
0.0 
0.0 
1.0 0.0 0.0 175.0
0.0 1.0 0.0 0.0 
0.0 0.0 1.0 0.0 

param_dog44
2979.0 0.0 -44.088000
0.0 2979.0 452.7121 
0.0 0.0 1.0 
0.0 
0.0 
1.0 0.0 0.0 225.0
0.0 1.0 0.0 0.0 
0.0 0.0 1.0 0.0 

param_dog45
2979.0 0.0 -25.971200
0.0 2979.0 452.7121 
0.0 0.0 1.0 
0.0 
0.0 
1.0 0.0 0.0 275.0
0.0 1.0 0.0 0.0 
0.0 0.0 1.0 0.0 

param_dog46
2979.0 0.0 -7.854400
0.0 2979.0 452.7121 
0.0 0.0 1.0 
0.0 
0.0 
1.0 0.0 0.0 325.0
0.0 1.0 0.0 0.0 
0.0 0.0 1.0 0.0 

param_dog47
2979.0 0.0 10.262400
0.0 2979.0 452.7121 
0.0 0.0 1.0 
0.0 
0.0 
1.0 0.0 0.0 375.0
0.0 1.0 0.0 0.0 
0.0 0.0 1.0 0.0 

param_dog48
2979.0 0.0 28.379200
0.0 2979.0 452.7121 
0.0 0.0 1.0 
0.0 
0.0 
1.0 0.0 0.0 425.0
0.0 1.0 0.0 0.0 
0.0 0.0 1.0 0.0 

param_dog49
2979.0 0.0 46.496000
0.0 2979.0 452.7121 
0.0 0.0 1.0 
0.0 
0.0 
1.0 0.0 0.0 475.0
0.0 1.0 0.0 0.0 
0.0 0.0 1.0 0.0 

param_dog50
2979.0 0.0 64.612800
0.0 2979.0 452.7121 
0.0 0.0 1.0 
0.0 
0.0 
1.0 0.0 0.0 525.0
0.0 1.0 0.0 0.0 
0.0 0.0 1.0 0.0 

param_dog51
2979.0 0.0 82.729600
0.0 2979.0 452.7121 
0.0 0.0 1.0 
0.0 
0.0 
1.0 0.0 0.0 575.0
0.0 1.0 0.0 0.0 
0.0 0.0 1.0 0.0 

param_dog52
2979.0 0.0 100.846400
0.0 2979.0 452.7121 
0.0 0.0 1.0 
0.0 
0.0 
1.0 0.0 0.0 625.0
0.0 1.0 0.0 0.0 
0.0 0.0 1.0 0.0 

param_dog53
2979.0 0.0 118.963200
0.0 2979.0 452.7121 
0.0 0.0 1.0 
0.0 
0.0 
1.0 0.0 0.0 675.0
0.0 1.0 0.0 0.0 
0.0 0.0 1.0 0.0 

param_dog54
2979.0 0.0 137.080000
0.0 2979.0 452.7121 
0.0 0.0 1.0 
0.0 
0.0 
1.0 0.0 0.0 725.0
0.0 1.0 0.0 0.0 
0.0 0.0 1.0 0.0 

param_dog55
2979.0 0.0 155.196800
0.0 2979.0 452.7121 
0.0 0.0 1.0 
0.0 
0.0 
1.0 0.0 0.0 775.0
0.0 1.0 0.0 0.0 
0.0 0.0 1.0 0.0 

param_dog56
2979.0 0.0 173.313600
0.0 2979.0 452.7121 
0.0 0.0 1.0 
0.0 
0.0 
1.0 0.0 0.0 825.0
0.0 1.0 0.0 0.0 
0.0 0.0 1.0 0.0 

param_dog57
2979.0 0.0 191.430400
0.0 2979.0 452.7121 
0.0 0.0 1.0 
0.0 
0.0 
1.0 0.0 0.0 875.0
0.0 1.0 0.0 0.0 
0.0 0.0 1.0 0.0 

param_dog58
2979.0 0.0 209.547200
0.0 2979.0 452.7121 
0.0 0.0 1.0 
0.0 
0.0 
1.0 0.0 0.0 925.0
0.0 1.0 0.0 0.0 
0.0 0.0 1.0 0.0 

param_dog59
2979.0 0.0 227.664000
0.0 2979.0 452.7121 
0.0 0.0 1.0 
0.0 
0.0 
1.0 0.0 0.0 975.0
0.0 1.0 0.0 0.0 
0.0 0.0 1.0 0.0 

param_dog60
2979.0 0.0 245.780800
0.0 2979.0 452.7121 
0.0 0.0 1.0 
0.0 
0.0 
1.0 0.0 0.0 1025.0
0.0 1.0 0.0 0.0 
0.0 0.0 1.0 0.0 

param_dog61
2979.0 0.0 263.897600
0.0 2979.0 452.7121 
0.0 0.0 1.0 
0.0 
0.0 
1.0 0.0 0.0 1075.0
0.0 1.0 0.0 0.0 
0.0 0.0 1.0 0.0 

param_dog62
2979.0 0.0 282.014400
0.0 2979.0 452.7121 
0.0 0.0 1.0 
0.0 
0.0 
1.0 0.0 0.0 1125.0
0.0 1.0 0.0 0.0 
0.0 0.0 1.0 0.0 

param_dog63
2979.0 0.0 300.131200
0.0 2979.0 452.7121 
0.0 0.0 1.0 
0.0 
0.0 
1.0 0.0 0.0 1175.0
0.0 1.0 0.0 0.0 
0.0 0.0 1.0 0.0 

param_dog64
2979.0 0.0 318.248000
0.0 2979.0 452.7121 
0.0 0.0 1.0 
0.0 
0.0 
1.0 0.0 0.0 1225.0
0.0 1.0 0.0 0.0 
0.0 0.0 1.0 0.0 

param_dog65
2979.0 0.0 336.364800
0.0 2979.0 452.7121 
0.0 0.0 1.0 
0.0 
0.0 
1.0 0.0 0.0 1275.0
0.0 1.0 0.0 0.0 
0.0 0.0 1.0 0.0 

param_dog66
2979.0 0.0 354.481600
0.0 2979.0 452.7121 
0.0 0.0 1.0 
0.0 
0.0 
1.0 0.0 0.0 1325.0
0.0 1.0 0.0 0.0 
0.0 0.0 1.0 0.0 

param_dog67
2979.0 0.0 372.598400
0.0 2979.0 452.7121 
0.0 0.0 1.0 
0.0 
0.0 
1.0 0.0 0.0 1375.0
0.0 1.0 0.0 0.0 
0.0 0.0 1.0 0.0 

param_dog68
2979.0 0.0 390.715200
0.0 2979.0 452.7121 
0.0 0.0 1.0 
0.0 
0.0 
1.0 0.0 0.0 1425.0
0.0 1.0 0.0 0.0 
0.0 0.0 1.0 0.0 

param_dog69
2979.0 0.0 408.832000
0.0 2979.0 452.7121 
0.0 0.0 1.0 
0.0 
0.0 
1.0 0.0 0.0 1475.0
0.0 1.0 0.0 0.0 
0.0 0.0 1.0 0.0 

param_dog70
2979.0 0.0 426.948800
0.0 2979.0 452.7121 
0.0 0.0 1.0 
0.0 
0.0 
1.0 0.0 0.0 1525.0
0.0 1.0 0.0 0.0 
0.0 0.0 1.0 0.0 

param_dog71
2979.0 0.0 445.065600
0.0 2979.0 452.7121 
0.0 0.0 1.0 
0.0 
0.0 
1.0 0.0 0.0 1575.0
0.0 1.0 0.0 0.0 
0.0 0.0 1.0 0.0 

param_dog72
2979.0 0.0 463.182400
0.0 2979.0 452.7121 
0.0 0.0 1.0 
0.0 
0.0 
1.0 0.0 0.0 1625.0
0.0 1.0 0.0 0.0 
0.0 0.0 1.0 0.0 

param_dog73
2979.0 0.0 481.299200
0.0 2979.0 452.7121 
0.0 0.0 1.0 
0.0 
0.0 
1.0 0.0 0.0 1675.0
0.0 1.0 0.0 0.0 
0.0 0.0 1.0 0.0 

param_dog74
2979.0 0.0 499.416000
0.0 2979.0 452.7121 
0.0 0.0 1.0 
0.0 
0.0 
1.0 0.0 0.0 1725.0
0.0 1.0 0.0 0.0 
0.0 0.0 1.0 0.0 

param_dog75
2979.0 0.0 517.532800
0.0 2979.0 452.7121 
0.0 0.0 1.0 
0.0 
0.0 
1.0 0.0 0.0 1775.0
0.0 1.0 0.0 0.0 
0.0 0.0 1.0 0.0 

param_dog76
2979.0 0.0 535.649600
0.0 2979.0 452.7121 
0.0 0.0 1.0 
0.0 
0.0 
1.0 0.0 0.0 1825.0
0.0 1.0 0.0 0.0 
0.0 0.0 1.0 0.0 

param_dog77
2979.0 0.0 553.766400
0.0 2979.0 452.7121 
0.0 0.0 1.0 
0.0 
0.0 
1.0 0.0 0.0 1875.0
0.0 1.0 0.0 0.0 
0.0 0.0 1.0 0.0 

param_dog78
2979.0 0.0 571.883200
0.0 2979.0 452.7121 
0.0 0.0 1.0 
0.0 
0.0 
1.0 0.0 0.0 1925.0
0.0 1.0 0.0 0.0 
0.0 0.0 1.0 0.0 

param_dog79
2979.0 0.0 590.000000
0.0 2979.0 452.7121 
0.0 0.0 1.0 
0.0 
0.0 
1.0 0.0 0.0 1975.0
0.0 1.0 0.0 0.0 
0.0 0.0 1.0 0.0 

